Date,UK,Germany,France,Japan,DJI,SP500,Italy,Spain,Sweden,Switzerland,Belgium,Greece,China,Korea,Australia,Mexico,Brazil
735969,6417.200195,9473.160156,4111.359863,17408.710938,17501.650391,2020.579956,18188.4,9993.299805,1454.81,8938.900391,3208.149902,789.2,3350.52,1915.75,5429.5,41099.371094,47517
735971,6419.799805,9518.179688,4112.72998,16885.330078,17584.519531,2025.900024,18123.4,9891.400391,1421.34,8900.799805,3193.830078,777.7,3373.95,1883.829956,5334.5,41813.929688,49463
735972,6570,9837.610352,4260.189941,17167.099609,17907.869141,2062.139893,18791.8,10115,1456.72,9139.700195,3283.219971,761.66,3293.46,1904.650024,5359.399902,42402.308594,49943
735973,6501.100098,9648.5,4179.069824,17197.730469,17737.369141,2044.810059,18177.1,9719,1444.46,9105.700195,3248.189941,779.56,3285.41,1924.699951,5440.100098,42382.410156,48840
735977,6542.200195,9941,4290.279785,17087.710938,17613.679688,2023.030029,18708.9,9966,1465.66,9285.599609,3309.639893,835.4,3235.3,1917.140015,5382.100098,41478.261719,48042
735978,6388.5,9817.080078,4223.240234,16795.960938,17427.089844,2011.27002,18410.7,9846,1434.79,9198.200195,3274.030029,819.55,3222.44,1913.660034,5332.200195,40984.21875,47646
735979,6498.799805,10032.610352,4323.200195,17108.699219,17320.710938,1992.670044,18844.5,9982.5,1457.36,8400.599609,3318.75,805,3336.46,1914.140015,5310.600098,40998.769531,48026
735980,6550.299805,10167.769531,4379.620117,16864.160156,17511.570312,2019.420044,19254.5,10038.900391,1468.9,7899.600098,3368.379883,790.59,3376.5,1888.130005,5278.799805,41402.011719,49017
735984,6620.100098,10257.129883,4446.02002,17366.300781,17515.230469,2022.550049,19658.7,10283.900391,1491.59,8178.899902,3403.040039,802.12,3173.05,1918.310059,5286.799805,41752.671875,47877
735985,6728,10299.230469,4484.819824,17280.480469,17554.279297,2032.119995,19981.4,10335.299805,1501.22,8008.600098,3421.969971,782.88,3323.61,1921.22998,5367.399902,42488.730469,49224
735986,6796.600098,10435.620117,4552.799805,17329.019531,17813.980469,2063.149902,20469.7,10510.599609,1523.8,7999.5,3456.949951,791.8,3343.34,1920.819946,5390.5,43121.28125,49443
735987,6832.799805,10649.580078,4640.689941,17511.75,17672.599609,2051.820068,20519.8,10581.5,1536.39,8161.200195,3504.610107,840.44,3351.76,1936.089966,5468.200195,42649.71875,48775
735990,6852.399902,10798.330078,4675.129883,17468.519531,17678.699219,2057.090088,20756.7,10696.099609,1554.7,8296.5,3549.959961,813.55,3383.18,1935.680054,5468.200195,42737.851562,48577
735991,6811.600098,10628.580078,4624.209961,17768.300781,17387.210938,2029.550049,20645.8,10598.900391,1533.37,8402.799805,3530.800049,783.53,3352.96,1952.400024,5511.5,42627.820312,48591
735992,6825.899902,10710.969727,4610.939941,17795.730469,17191.369141,2002.160034,20478.4,10456.900391,1562.54,8311.599609,3541.209961,711.13,3305.74,1961.579956,5516.600098,42158.070312,47695
735993,6810.600098,10737.870117,4631.430176,17606.220703,17416.849609,2021.25,20593.7,10507.599609,1570.39,8435.299805,3548.389893,733.61,3262.3,1951.02002,5532.200195,41862.328125,47762
735994,6749.399902,10694.320312,4604.25,17674.390625,17164.949219,1994.98999,20503.4,10403.299805,1573.62,8385.099609,3530.310059,721.93,3210.36,1949.26001,5551.600098,40950.578125,46908
735997,6782.600098,10828.009766,4627.669922,17558.039062,17361.039062,2020.849976,20485.7,10328.099609,1575.95,8429.200195,3538.52002,755.42,3128.3,1952.680054,5586.5,40950.578125,47651
735998,6871.799805,10890.950195,4677.899902,17335.849609,17666.400391,2050.030029,21011.6,10598.200195,1593.42,8452.099609,3557.030029,840.57,3204.91,1951.959961,5666.200195,41572.238281,48964
735999,6860,10911.320312,4696.299805,17678.740234,17673.019531,2041.51001,20941.7,10577.799805,1579.31,8608.200195,3565.790039,848.04,3174.13,1962.790039,5733.700195,41710.820312,49301
736000,6865.899902,10905.410156,4703.299805,17504.619141,17884.880859,2062.52002,20819.1,10535.5,1586.13,8544.299805,3557.189941,819.5,3136.53,1952.839966,5765.5,42453.640625,49234
736001,6853.399902,10846.389648,4691.029785,17648.5,17824.289062,2055.469971,20760.7,10573.099609,1599.55,8588,3549.959961,803.36,3075.91,1955.52002,5774.700195,42715.429688,48792
736004,6837.200195,10663.509766,4651.080078,17711.929688,17729.210938,2046.73999,20366.6,10364.900391,1591.4,8632.099609,3511.570068,765.22,3095.12,1947,5770.100098,42810.289062,49383
736005,6829.100098,10753.830078,4695.649902,17652.679688,17868.759766,2068.590088,20725.6,10500.099609,1602.74,8620.400391,3543.840088,826.31,3141.59,1935.859985,5757.399902,42635.191406,48510
736006,6818.200195,10752.110352,4679.379883,17652.679688,17862.140625,2068.530029,20565.8,10364.799805,1593.03,8577.799805,3537.860107,793.09,3157.7,1945.699951,5731.700195,41933.261719,48240
736007,6828.100098,10919.650391,4726.200195,17979.720703,17972.380859,2088.47998,21002.9,10562.200195,1624.35,8611,3566.909912,846.48,3173.42,1941.630005,5707.700195,43045.511719,49533
736008,6873.5,10963.400391,4759.359863,17913.359375,18019.349609,2096.98999,21204.1,10739.5,1642.04,8652,3575.540039,893.98,3203.83,1957.5,5835.5,43072.421875,50636
736012,6898.100098,10895.620117,4753.990234,17987.089844,18047.580078,2100.340088,21266.2,10698,1630.99,8747.799805,3573.590088,838.61,3246.91,1961.449951,5822.299805,43251.789062,50636
736020,6935.399902,11210.269531,4882.220215,18585.199219,18224.570312,2113.860107,21937.2,11049.5,1678.73,8977.599609,3672.080078,923.03,3228.84,1990.469971,5908.600098,43802.070312,51811
736021,6949.700195,11327.19043,4910.620117,18785.789062,18214.419922,2110.73999,22165.1,11139.5,1684.83,9049.5,3713.840088,904.59,3298.36,1993.079956,5877.899902,44416.488281,51761
736022,6946.700195,11401.660156,4951.47998,18797.939453,18132.699219,2104.5,22337.8,11178.299805,1691.03,9014.5,3714.439941,880.48,3310.3,1985.800049,5898.5,44190.171875,51583
736025,6940.600098,11410.360352,4917.319824,18826.880859,18288.630859,2117.389893,22297.6,11178.5,1686.64,9055.700195,3713.389893,858.95,3336.28,1996.810059,5926.299805,43882.710938,51021
736026,6889.100098,11280.360352,4869.25,18815.160156,18203.369141,2107.780029,21987.2,11014.700195,1661.87,8954.700195,3667.25,861.24,3263.05,2001.380005,5902.899902,43600.371094,51304
736027,6919.200195,11390.379883,4917.350098,18703.599609,18096.900391,2098.530029,22131.1,11051.299805,1664.5,8992.5,3702.159912,849.16,3279.53,1998.290039,5871.5,43296.550781,50468
736028,6961.100098,11504.009766,4963.509766,18751.839844,18135.720703,2101.040039,22400.1,11124.400391,1669.56,9034.599609,3731.379883,857.54,3248.48,1998.380005,5873.700195,43517.789062,50365
736029,6911.799805,11550.969727,4964.350098,18971,17856.779297,2071.26001,22436.1,11091.900391,1662.55,9080,3732.580078,850.27,3241.19,2012.939941,5868.600098,43280.808594,49981
736032,6876.5,11582.110352,4937.200195,18790.550781,17995.720703,2079.429932,22564.3,11054.200195,1660.36,9046.900391,3713.649902,814.7,3302.41,1992.819946,5793,43251.398438,49181
736033,6702.799805,11500.379883,4881.950195,18665.109375,17662.939453,2044.160034,22345.8,10902.200195,1641.71,9023.700195,3669.459961,817.39,3286.07,1984.77002,5794.299805,42972.148438,48293
736034,6721.5,11805.990234,4997.75,18723.519531,17635.390625,2040.23999,22833,11021.799805,1663.31,9106.200195,3719.780029,797.3,3290.9,1980.829956,5763.299805,43227.199219,48906
736035,6761.100098,11799.389648,4987.330078,18991.109375,17895.220703,2065.949951,22809,11011.799805,1661.69,9119.799805,3716.179932,794.07,3349.32,1970.589966,5816,44055.890625,48880
736036,6740.600098,11901.610352,5010.459961,19254.25,17749.310547,2053.399902,22713.6,11033.799805,1665.13,9156,3728.330078,770.14,3372.91,1985.790039,5788,44002.289062,48596
736039,6804.100098,12167.719727,5061.160156,19246.060547,17977.419922,2081.189941,22930.9,11114.700195,1689.67,9237.099609,3770.47998,763.09,3449.3,1987.329956,5769.700195,44002.289062,48848
736040,6837.600098,11980.849609,5028.930176,19437,17849.080078,2074.280029,22723.1,11028.099609,1675.88,9198.5,3735.879883,769.77,3502.85,2029.910034,5811,43761.359375,50285
736041,6945.200195,11922.769531,5033.419922,19544.480469,18076.189453,2099.5,22565.2,11050,1703.96,9256.200195,3727.919922,737.96,3577.3,2028.449951,5808,44360.871094,51526
736042,6962.299805,11899.400391,5037.180176,19476.560547,17959.029297,2089.27002,22805.2,11091,1707.5,9328.5,3734.350098,723.66,3582.27,2037.890015,5912.5,44118.171875,50954
736043,7022.5,12039.370117,5087.490234,19560.220703,18127.650391,2108.100098,23176.7,11419.599609,1710.87,9396.299805,3765.800049,744.42,3617.32,2037.23999,5936.299805,43968.148438,51967
736046,7037.700195,11895.839844,5054.52002,19560.220703,18116.039062,2104.419922,23057.1,11452.799805,1698.38,9366.200195,3751.580078,766.51,3687.73,2036.589966,5921,43952.710938,51908
736047,7019.700195,12005.69043,5088.279785,19713.449219,18011.140625,2091.5,23333.2,11579.299805,1701.29,9292.700195,3765.409912,794.57,3691.41,2041.369995,5934.5,44051.210938,51506
736048,6991,11865.320312,5020.990234,19746.199219,17718.539062,2061.050049,23145.1,11464.700195,1694.39,9188.299805,3745.129883,794.57,3660.73,2042.810059,5937.100098,43630.960938,51858
736049,6895.299805,11843.679688,5006.350098,19471.119141,17678.230469,2056.149902,22900.3,11453.799805,1675.61,9082.5,3703.129883,764.88,3682.09,2022.560059,5849.700195,43229.160156,50580
736050,6855,11868.330078,5034.060059,19285.630859,17712.660156,2061.02002,22984.2,11427.400391,1662.56,9083.5,3712.810059,768.67,3691.1,2019.800049,5888.899902,43637.96875,50095
736053,6891.399902,12086.009766,5083.52002,19411.400391,17976.310547,2086.23999,23260.6,11529.099609,1687.17,9202.200195,3762.899902,772.71,3786.57,2030.040039,5816.299805,43922.828125,51243
736054,6773,11966.169922,5033.640137,19206.990234,17776.119141,2067.889893,23157.1,11521.099609,1667.73,9129,3725.820068,775.46,3747.9,2041.030029,5861.899902,43724.78125,51150
736055,6809.5,12001.379883,5062.220215,19034.839844,17698.179688,2059.689941,23359,11569.799805,1669.49,9137.299805,3742.620117,765.37,3810.29,2028.449951,5832.899902,44202.941406,52322
736056,6833.5,11967.389648,5074.140137,19312.789062,17763.240234,2066.959961,23308.5,11634,1675.52,9130.599609,3773.310059,771.32,3825.78,2029.069946,5869.700195,44202.941406,53123
736061,6961.799805,12123.519531,5151.189941,19640.539062,17875.419922,2076.330078,23706.3,11730.5,1697.43,9260.799805,3839.110107,777.47,3961.38,2047.030029,5893.200195,44987.871094,53729
736062,6937.399902,12035.860352,5136.859863,19789.810547,17902.509766,2081.899902,23578.7,11655.5,1686.77,9247.799805,3831.090088,767.92,3994.81,2059.26001,5928.299805,44980.558594,53661
736063,7015.399902,12166.44043,5208.950195,19937.720703,17958.730469,2091.179932,23803.9,11734.599609,1695.94,9393.400391,3871.659912,776.03,3957.53,2058.870117,5901.5,44913.269531,53803
736064,7089.799805,12374.730469,5240.459961,19907.630859,18057.650391,2102.060059,23877.2,11749.299805,1699.96,9471.5,3905.709961,776.03,4034.31,2087.76001,5935.399902,44882.011719,54214
736067,7064.299805,12338.730469,5254.120117,19905.460938,17977.039062,2092.429932,24008.9,11866.400391,1700.36,9430.299805,3902.73999,776.03,4121.71,2098.919922,5928.100098,44994.558594,54240
736068,7075.299805,12227.599609,5218.060059,19908.679688,18036.699219,2095.840088,23752.9,11704.700195,1701.39,9415.599609,3888.860107,758.63,4135.56,2111.719971,5916.200195,45004.519531,53982
736069,7096.799805,12231.339844,5254.350098,19869.759766,18112.609375,2106.629883,24030.5,11778.400391,1710.61,9428.599609,3895.02002,743.95,4084.16,2119.959961,5877.299805,45262.941406,54919
736070,7060.5,11998.860352,5224.490234,19885.769531,18105.769531,2104.98999,23610.8,11611.700195,1690.93,9398.599609,3859.429932,752.37,4194.82,2139.899902,5917.600098,45480.230469,54674
736071,6994.600098,11688.700195,5143.259766,19652.880859,17826.300781,2081.179932,23044.1,11359.400391,1655.72,9245.900391,3785.48999,729.81,4287.3,2143.5,5851.5,45012.371094,53955
736074,7052.100098,11891.910156,5187.589844,19634.490234,18034.929688,2100.399902,23333,11384.599609,1678.28,9243.700195,3826.280029,728.98,4217.08,2146.709961,5806.799805,45077.808594,53761
736075,7062.899902,11939.580078,5192.640137,19909.089844,17949.589844,2097.290039,23240.3,11422.299805,1694.72,9299.400391,3828.360107,704.74,4293.62,2144.790039,5844,45296.910156,53761
736076,7028.200195,11867.370117,5211.089844,20133.900391,18038.269531,2107.959961,23315.4,11399.200195,1706.25,9358.099609,3794.290039,719.43,4398.49,2143.889893,5812.799805,45232.039062,54617
736077,7053.700195,11723.580078,5178.910156,20187.650391,18058.689453,2112.929932,23199.4,11425.799805,1689.77,9338.299805,3786.280029,736.6,4414.51,2173.409912,5820.299805,45418.828125,55685
736078,7070.700195,11810.849609,5201.450195,20020.039062,18080.140625,2117.689941,23427.3,11505.400391,1698.51,9302.099609,3800.129883,761.56,4393.69,2159.800049,5906.799805,45773.308594,56594
736081,7104,12039.160156,5268.910156,19983.320312,18037.970703,2108.919922,23806.3,11640.200195,1719.93,9349.200195,3844.26001,794.84,4527.4,2157.540039,5954.799805,45512.378906,55535
736082,7030.5,11811.660156,5173.379883,20058.949219,18110.140625,2114.76001,23532.1,11607.700195,1679.52,9259.799805,3802.25,806.01,4476.21,2147.669922,5921.5,45338.359375,55812
736084,6960.600098,11454.379883,5046.490234,19520.009766,17840.519531,2085.51001,23045.5,11385,1628.04,9077.099609,3674.179932,822.88,4441.65,2127.169922,5773.700195,44582.390625,56229
736117,6928.299805,11328.799805,5004.459961,20543.189453,18011.939453,2109.600098,23576.2,11271.400391,1638.65,9204.099609,3689.590088,804.96,4910.53,2078.639893,5639.899902,44931.480469,54236
736118,6950.5,11419.620117,5034.169922,20473.509766,18076.269531,2114.070068,23608.8,11267.599609,1641.69,9253.299805,3721.76001,838.22,4909.98,2063.159912,5588.299805,44732.71875,53523
736131,6710.100098,11044.009766,4839.859863,20257.939453,17904.480469,2096.290039,22383.5,10871.400391,1582.23,8965.400391,3591.25,703.05,4887.43,2028.719971,5535.200195,44722.28125,53702
736144,6620.5,11083.200195,4869.819824,20109.949219,17596.349609,2057.639893,22569.9,10853.900391,1559.8,8868.400391,3621.090088,797.52,4053.03,2060.48999,5413.100098,44710.351562,53014
736145,6521,10944.969727,4790.200195,20235.730469,17619.509766,2063.110107,22460.7,10769.5,1541.66,8780.900391,3574.699951,797.52,4277.22,2074.199951,5451.200195,45053.699219,53081
736146,6608.600098,11180.5,4883.189941,20329.320312,17757.910156,2077.419922,22943.6,10911.5,1575.5,8909,3641.090088,797.52,4053.7,2097.889893,5506,44928.519531,52758
736151,6535.700195,10890.629883,4711.540039,20112.119141,17683.580078,2068.76001,21600.7,10540.099609,1526.94,8862.799805,3536.870117,797.52,3775.91,2053.929932,5463.299805,44794.011719,52149
736152,6432.200195,10676.780273,4604.640137,20376.589844,17776.910156,2081.340088,20958.5,10346,1516.12,8764.099609,3480.860107,797.52,3727.12,2040.290039,5555.5,45017.75,52344
736155,6673.399902,11315.629883,4903.069824,19779.830078,17760.410156,2076.620117,22937.4,11036.099609,1590.54,9134.200195,3674.600098,797.52,3877.8,2031.170044,5478.100098,44915.980469,52591
736158,6738,11484.379883,4998.100098,20089.769531,17977.679688,2099.600098,23167,11224.200195,1614.42,9250.099609,3748.870117,797.52,3970.39,2061.52002,5460.399902,44990.390625,53119
736159,6753.799805,11516.900391,5032.470215,20385.330078,18053.580078,2108.949951,23097.5,11258.299805,1616.25,9311.099609,3756.25,797.52,3924.49,2059.22998,5561.899902,45136.691406,53239
736160,6753.799805,11539.660156,5047.240234,20463.330078,18050.169922,2107.399902,23392.8,11335.700195,1601.97,9319.299805,3787.600098,797.52,3805.7,2072.909912,5609.700195,45107.128906,52902
736161,6796.5,11716.759766,5121.5,20600.119141,18120.25,2124.290039,23783.1,11510.599609,1636.12,9459,3836.469971,797.52,3823.18,2087.889893,5649.799805,45344.898438,53070
736162,6775.100098,11673.419922,5124.390137,20650.919922,18086.449219,2126.639893,23765.4,11480.700195,1635.47,9446.200195,3834.350098,797.52,3957.35,2076.790039,5652.5,45325.378906,52342
736166,6769.100098,11604.799805,5106.569824,20841.970703,17919.289062,2119.209961,23712.9,11458.599609,1636.42,9385.5,3822.620117,797.52,4017.68,2083.620117,5688.5,45401.230469,51474
736167,6667.299805,11520.669922,5082.569824,20593.669922,17851.039062,2114.149902,23681.1,11484.299805,1621.27,9289.299805,3806.090088,797.52,4026.04,2064.72998,5603.5,44670.421875,50916
736168,6655,11512.110352,5086.740234,20683.949219,17731.919922,2102.149902,23633.1,11441.900391,1619.81,9381.599609,3802.379883,797.52,4123.92,2065.070068,5581.299805,44836.328125,49807
736169,6579.799805,11347.450195,5057.359863,20544.529297,17568.529297,2079.649902,23507.7,11309.299805,1612.8,9323,3772.620117,797.52,4070.91,2045.959961,5556.799805,44249.488281,49246
736172,6505.100098,11056.400391,4927.600098,20350.099609,17440.589844,2067.639893,22809.3,11145.400391,1581.33,9194.5,3701.379883,797.52,3725.56,2038.810059,5579.200195,43713.71875,48736
736173,6555.299805,11173.910156,4977.319824,20328.890625,17630.269531,2093.25,23328,11252.400391,1588.22,9275.700195,3719.399902,797.52,3663,2039.099976,5571,44222.96875,49602
736174,6631,11211.849609,5017.439941,20302.910156,17751.390625,2108.570068,23248.9,11282.900391,1597.86,9388,3719.379883,797.52,3789.17,2037.619995,5609.600098,44471.289062,50245
736175,6668.899902,11257.150391,5046.419922,20522.830078,17745.980469,2108.629883,23396.1,11168.599609,1603.5,9397.700195,3726.850098,797.52,3705.77,2019.030029,5653.100098,44373.308594,49897
736176,6696.299805,11308.990234,5082.609863,20585.240234,17689.859375,2103.840088,23538,11180.700195,1615.64,9428.200195,3762.639893,797.52,3663.73,2030.160034,5681.700195,44752.929688,50865
736179,6688.600098,11443.719727,5120.52002,20548.109375,17598.199219,2098.040039,23714.4,11265.900391,1618.28,9469,3799.340088,668.06,3622.91,2008.48999,5664.299805,44903.949219,50138
736180,6686.600098,11456.070312,5112.140137,20520.359375,17550.689453,2093.320068,23473.2,11150.5,1611.88,9480.200195,3801.209961,659.94,3756.54,2027.98999,5681.899902,45177.980469,50058
736181,6752.399902,11636.299805,5196.72998,20614.060547,17540.470703,2099.840088,23911.8,11279.5,1627.42,9526.799805,3831.25,643.22,3694.57,2029.76001,5659.5,44937.609375,50287
736182,6747.100098,11585.099609,5192.109863,20664.439453,17419.75,2083.560059,23811.1,11253.599609,1621.56,9458,3841.47998,666.68,3661.54,2013.290039,5600.100098,44921.21875,50011
736183,6718.5,11490.830078,5154.75,20724.560547,17373.380859,2077.570068,23705,11178.200195,1612.28,9408.299805,3797.040039,676.33,3744.21,2010.22998,5472.299805,44862.140625,48577
736186,6736.200195,11604.780273,5195.410156,20808.689453,17615.169922,2104.179932,23966.4,11311.700195,1636.54,9510.799805,3808.969971,690.24,3928.42,2003.170044,5504.899902,45320.691406,49353
736187,6664.5,11293.650391,5099.029785,20720.75,17402.839844,2084.070068,23698.5,11152.299805,1614.72,9424.400391,3750.840088,705,3927.91,1986.650024,5473.100098,44379.789062,49072
736188,6571.200195,10924.610352,4925.430176,20392.769531,17402.509766,2086.050049,22997.6,10880.099609,1575.04,9183.900391,3637.129883,691.4,3886.32,1975.469971,5383.5,44032.378906,48388
736189,6568.299805,11014.629883,4986.850098,20595.550781,17408.25,2083.389893,23356,10947.900391,1594.15,9325.200195,3672.350098,686.65,3954.56,1983.459961,5389,43870.53125,48010
736194,6526.299805,10915.919922,4971.25,20554.470703,17511.339844,2096.919922,23389.7,10897.900391,1583.53,9383.599609,3656.129883,673.18,3748.16,1956.26001,5309.399902,43872.121094,47451
736195,6403.5,10682.150391,4884.100098,20222.630859,17348.730469,2079.610107,22975.3,10782.400391,1553.51,9251.599609,3597.429932,675.33,3794.11,1939.380005,5379.799805,43473.738281,46588
736196,6367.899902,10432.19043,4783.549805,20033.519531,16990.689453,2035.72998,22378.7,10587,1534.39,9104.700195,3544.02002,651.56,3664.29,1914.550049,5295.5,43036.589844,46649
736197,6187.700195,10124.519531,4630.990234,19435.830078,16459.75,1970.890015,21746.2,10271.700195,1495.36,8798.599609,3437.22998,635.31,3507.74,1876.069946,5224.799805,42163.820312,45720
736200,5898.899902,9648.429688,4383.459961,18540.679688,15871.349609,1893.209961,20450.4,9756.599609,1428.08,8468.900391,3265.590088,568.38,3209.91,1829.810059,5014.200195,41471.46875,44336
736201,6081.299805,10128.120117,4564.859863,17806.699219,15666.44043,1867.609985,21649.7,10115.400391,1483.35,8758.799805,3392.120117,621.7,2964.97,1846.630005,5143.799805,42010.890625,44545
736202,5979.200195,9997.429688,4501.049805,18376.830078,16285.509766,1940.51001,21473.8,9984.5,1458.2,8548.799805,3346.189941,622.72,2927.29,1894.089966,5178.899902,42323.039062,46038
736203,6192,10315.620117,4658.180176,18574.439453,16654.769531,1987.660034,22201.2,10290.200195,1502.86,8812.599609,3443.669922,627.02,3083.59,1908,5242.600098,43452.359375,47715
736204,6247.899902,10298.530273,4675.129883,19136.320312,16643.009766,1988.869995,21993.7,10352.900391,1509.71,8785.099609,3461.330078,633.81,3232.35,1937.670044,5274.700195,43290.859375,47154
736208,6058.5,10015.570312,4541.160156,18165.689453,16058.349609,1913.849976,21451.4,9992.799805,1469.86,8621.299805,3387.689941,621.51,3166.62,1914.22998,5117.100098,42911.511719,45477
736209,6083.299805,10048.049805,4554.919922,18095.400391,16351.379883,1948.859985,21612,9938.299805,1471.51,8626.299805,3410.399902,626.46,3160.17,1915.219971,5119.399902,42969.929688,46464
736215,6146.100098,10271.360352,4598.259766,17427.080078,16492.679688,1969.410034,21941.3,9866.200195,1488.88,8761,3451.22998,667.47,3170.45,1878.680054,5133.5,43083.941406,46762
736216,6229,10303.120117,4664.589844,18770.509766,16253.570312,1942.040039,22126.6,10037.799805,1507.15,8871.900391,3495.01001,669.26,3243.09,1934.199951,5236.899902,42754.679688,46657
736217,6155.799805,10210.44043,4596.529785,18299.619141,16330.400391,1952.290039,21901.4,9859,1494.35,8778.799805,3465.580078,675.1,3197.89,1962.109985,5117,42888.511719,46504
736218,6117.799805,10123.55957,4548.720215,18264.220703,16433.089844,1961.050049,21762.6,9737.900391,1488.41,8772.400391,3434.169922,673.84,3200.23,1941.369995,5096.299805,42780.730469,46401
736221,6084.600098,10131.740234,4518.149902,17965.699219,16370.959961,1953.030029,21553.8,9696.400391,1467.73,8686.200195,3413.060059,673,3114.8,1931.459961,5120.5,42827.351562,47282
736222,6137.600098,10188.129883,4569.370117,18026.480469,16599.849609,1978.089966,21903.6,9782.5,1469.08,8790.400391,3423.340088,682.17,3005.17,1937.560059,5046.600098,43269.621094,47364
736224,6187,10229.580078,4655.140137,18432.269531,16674.740234,1990.199951,22099.5,10106.599609,1486.46,8849.400391,3466.959961,692.3,3086.06,1976.48999,5171.200195,43790.929688,48551
736225,6104.100098,9916.160156,4535.850098,18070.210938,16384.580078,1958.079956,21514.9,9847.200195,1453.11,8739.200195,3418.370117,697.57,3097.92,1995.949951,5194.299805,43565.050781,47264
736232,6109,9688.530273,4480.660156,17880.509766,16314.669922,1931.339966,21339.1,9519.5,1418.47,8505.900391,3378.52002,675.17,3092.35,1942.849976,5076.700195,42435.230469,44831
736237,6061.600098,9660.44043,4455.290039,17388.150391,16284.700195,1920.030029,21295,9559.900391,1416.89,8513.400391,3344.5,654.2,3052.78,1962.810059,5058.600098,42632.539062,45059
736251,6269.600098,9915.849609,4609.029785,17891,16924.75,1994.23999,21838.2,10037.599609,1442.75,8573.299805,3377.02002,676.13,3262.44,2009.550049,5230.399902,44064.429688,46710
736252,6338.700195,10064.799805,4675.290039,18096.900391,17141.75,2023.859985,22217.7,10101.700195,1453.87,8653.400391,3399.620117,694.48,3338.07,2033.27002,5265.600098,44087.589844,47160
736253,6378,10104.429688,4702.790039,18291.800781,17215.970703,2033.109985,22337.7,10231.5,1452.36,8715.700195,3425.610107,685.95,3391.35,2030.26001,5303.700195,44364.160156,47236
736258,6348.399902,10238.099609,4695.100098,18554.279297,17168.609375,2018.939941,22172.6,10157.5,1452.09,8602.099609,3427.149902,698.93,3320.68,2042.97998,5286.5,44426.070312,47026
736259,6376.299805,10491.969727,4802.180176,18435.869141,17489.160156,2052.51001,22616.9,10365.400391,1484.47,8788.900391,3462.300049,710.22,3368.74,2023,5299.600098,44627.96875,47772
736260,6444.100098,10794.540039,4923.640137,18825.300781,17646.699219,2075.149902,22736.9,10476.299805,1506.59,8910.5,3521.52002,712.49,3412.43,2040.400024,5388.100098,45010.238281,47597
736263,6417,10801.339844,4897.129883,18947.119141,17623.050781,2071.179932,22629.6,10478.299805,1506.16,8907.900391,3526.030029,718.04,3429.58,2048.080078,5386.299805,45036.519531,47209
736264,6365.299805,10692.19043,4847.069824,18777.039062,17581.429688,2065.889893,22369.9,10322.400391,1487.03,8849.900391,3513.689941,727.38,3434.34,2044.650024,5384.600098,44698.011719,47043
736265,6437.799805,10831.959961,4890.580078,18903.019531,17779.519531,2090.350098,22686.2,10421.900391,1499.64,8932.599609,3579.360107,727.38,3375.2,2042.51001,5374.399902,44741.679688,46741
736266,6395.799805,10800.839844,4885.819824,18935.710938,17755.800781,2089.409912,22442.7,10397.200195,1495.86,8957.299805,3587.02002,715.77,3387.32,2034.160034,5310.200195,44634.808594,45628
736267,6361.100098,10850.139648,4897.660156,19083.099609,17663.539062,2079.360107,22442.5,10360.700195,1499.23,8938.700195,3600.199951,701.22,3382.56,2029.469971,5288.600098,44542.761719,45869
736272,6412.899902,10845.240234,4948.290039,18926.910156,17867.580078,2102.310059,22312.6,10473.5,1529.43,8951.799805,3609.709961,708.59,3459.64,2052.77002,5294.799805,45373.171875,47710
736273,6364.899902,10887.740234,4980.040039,19116.410156,17863.429688,2099.929932,22223.7,10431.200195,1523.25,8990.200195,3600.23999,686.59,3522.82,2049.409912,5247.899902,45195.648438,48047
