Date,UK,Germany,France,Japan,DJI,SP500,Italy,Spain,Sweden,Switzerland,Belgium,Greece,China,Korea,Australia,Mexico,Brazil
734142,5500.299805,6048.299805,4013.969971,10654.790039,10583.959961,1132.98999,23545,12145.099609,963.56,6631.399902,2563.969971,2189.72,3243.76,1696.140015,4889.799805,32758.529297,70045
734143,5522.5,6031.859863,4012.909912,10681.830078,10572.019531,1136.52002,23555.7,12204.400391,967.272,6579.299805,2587.77002,2277.6,3282.18,1690.619995,4939.5,32732.759766,70240
734145,5526.700195,6019.359863,4024.800049,10681.660156,10606.860352,1141.689941,23709,12166.299805,965.821,6555.399902,2590.679932,2310.11,3192.78,1683.449951,4930.5,33064.570312,70451
734146,5534.200195,6037.609863,4045.139893,10798.320312,10618.19043,1144.97998,23811.1,12163,968.773,6617.899902,2591.639893,2327.57,3196,1695.26001,4942.200195,32892.039062,70263
734150,5498.700195,5943,4000.050049,10879.139648,10627.259766,1136.219971,23583.3,11966.099609,969.55,6541.899902,2565.050049,2199.53,3273.97,1698.640015,4931.600098,32792.660156,70076
734151,5473.5,5963.140137,4000.860107,10735.030273,10680.769531,1145.680054,23658.4,11958.299805,974.959,6554.5,2575.110107,2173.67,3172.66,1671.410034,4900.100098,32836.078125,70385
734152,5498.200195,5988.879883,4015.77002,10907.679688,10710.549805,1148.459961,23806,11999.799805,981.502,6627.399902,2571.370117,2195.41,3215.55,1685.77002,4929.399902,32729.580078,69801
734153,5455.399902,5875.970215,3954.379883,10982.099609,10609.650391,1136.030029,23472.1,11845,978.279,6576,2536.449951,2144.56,3224.15,1701.800049,4929.5,32262.300781,68978
734157,5513.100098,5976.47998,4009.669922,10764.900391,10725.429688,1150.22998,23705.7,12022.599609,976.001,6633.899902,2547.360107,2101.54,3246.87,1710.219971,4889.600098,32473.050781,69909
734158,5420.799805,5851.529785,3928.949951,10737.519531,10603.150391,1138.040039,23126,11709,957.533,6586.5,2516.679932,2030.28,3151.85,1714.380005,4895.100098,32025.339844,68200
734159,5335.100098,5746.970215,3862.159912,10868.410156,10389.879883,1116.47998,22876.5,11444,954.016,6579,2484.26001,2013.9,3158.86,1722.01001,4849.600098,31205.300781,66270
734160,5303,5695.319824,3820.780029,10590.549805,10172.980469,1091.76001,22567.8,11373.400391,951.062,6494,2475.810059,2033.76,3128.59,1684.349976,4771.899902,30830.910156,66220
734165,5217.5,5643.200195,3759.800049,10252.080078,10236.160156,1097.5,21997.6,11042.200195,946.701,6473,2493.669922,1972.93,2986.61,1625.47998,4670,30610.830078,65070
734166,5145.700195,5540.330078,3688.790039,10414.290039,10120.459961,1084.530029,21603.1,10829.299805,937.22,6442.399902,2486.51001,1985.86,2994.14,1642.430054,4697.700195,30811.349609,65588
734167,5188.5,5608.790039,3739.459961,10198.040039,10067.330078,1073.869995,21896.3,10947.700195,953.713,6440.700195,2505.199951,2048.32,2989.29,1602.430054,4596.899902,30391.609375,65402
734171,5283.299805,5709.660156,3812.129883,10371.089844,10296.849609,1103.319946,22413.7,11140.900391,971.804,6550.100098,2547.110107,2058.41,2934.71,1595.810059,4628.799805,30876.650391,67163
734172,5253.200195,5672.089844,3793.469971,10404.330078,10270.549805,1097.280029,22169.2,10888.400391,970.003,6553.799805,2529.659912,2018.98,3003.83,1615.02002,4673.200195,31287.039062,67109
734173,5139.299805,5533.240234,3689.25,10355.980469,10002.179688,1063.109985,21404.8,10241.700195,948.621,6396.5,2454.899902,1951.7,2995.31,1616.420044,4644.100098,30603.710938,63934
734174,5060.899902,5434.339844,3563.76001,10057.089844,10012.230469,1066.189941,20815.9,10103.299805,935.894,6264.299805,2392.52002,1878.91,2939.4,1567.119995,4532.5,30630.730469,62763
734177,5092.299805,5484.850098,3607.27002,9951.820312,9908.389648,1056.73999,20938.2,10206.299805,938.416,6347.100098,2402.149902,1806.4,2935.17,1552.790039,4538.799805,30649.439453,63153
734178,5111.799805,5498.259766,3612.76001,9932.900391,10058.639648,1070.52002,20819,10275.400391,944.799,6314.799805,2413.179932,1895.96,2948.84,1570.48999,4520.700195,30818.480469,64718
734179,5132,5536.370117,3635.610107,9963.990234,10038.379883,1068.130005,21241.6,10455,937.05,6334,2440.790039,1940.82,2982.5,1570.119995,4533,30746.050781,65051
734181,5142.5,5500.390137,3599.070068,10092.19043,10099.139648,1075.51001,21035.9,10224.900391,931.347,6416.200195,2461.469971,1899.42,3018.13,1593.660034,4588.799805,31005.740234,65855
734186,5276.600098,5648.339844,3725.209961,10306.830078,10309.240234,1099.51001,21650.8,10498.599609,943.693,6567.600098,2512.840088,1858.49,3018.13,1627.430054,4686.799805,31892.119141,67285
734187,5325.100098,5680.410156,3747.830078,10335.69043,10392.900391,1106.75,21686.1,10574.200195,946.969,6637.299805,2518.409912,1882.1,3018.13,1621.189941,4673.899902,32170.789062,67836
734188,5358.200195,5722.049805,3769.540039,10123.580078,10402.349609,1109.170044,21772.3,10676.700195,957.267,6709.700195,2527.72998,1927.62,3018.13,1593.900024,4656.299805,32172.109375,67597
734191,5352.100098,5688.439941,3756.699951,10400.469727,10383.379883,1108.01001,21704.8,10570.5,954.102,6687.399902,2521.100098,1957.39,3003.4,1627.099976,4732.700195,32034.339844,67184
734192,5315.100098,5604.069824,3707.060059,10352.099609,10282.410156,1094.599976,21224.1,10312.900391,942.054,6649.100098,2502.889893,1922.69,2982.57,1628.900024,4731,31850.240234,66108
734193,5342.899902,5615.509766,3715.679932,10198.830078,10374.160156,1105.23999,21346.3,10254,944.308,6688,2514.939941,1926.81,3022.18,1612.829956,4666,31788.539062,65795
734194,5278.200195,5532.330078,3640.77002,10101.959961,10321.030273,1102.939941,20843.2,10126.200195,940.512,6644,2480.649902,1872.53,3060.62,1587.51001,4614.899902,31649.099609,66121
734195,5354.5,5598.459961,3708.800049,10126.030273,10325.259766,1104.48999,21068.3,10333.599609,947.387,6711,2514.870117,1913.16,3051.94,1594.579956,4651.100098,31634.539062,66503
734199,5484.100098,5776.560059,3811.919922,10221.839844,10405.980469,1118.310059,21326.3,10521.5,971.671,6820,2558.77002,2021.75,3073.11,1615.119995,4709.899902,32055.039062,67779
734200,5533.200195,5817.879883,3842.52002,10253.139648,10396.759766,1118.790039,21745.1,10664.5,981.185,6813.200195,2592.560059,2014.55,3097,1622.439941,4743.799805,32353.539062,67641
734201,5527.200195,5795.319824,3828.409912,10145.719727,10444.139648,1122.969971,21844.6,10745.299805,984.334,6804.899902,2582.959961,2048.16,3023.37,1618.199951,4757.600098,32202,67815
734202,5599.799805,5877.359863,3910.419922,10368.959961,10566.200195,1138.699951,22278.1,11019.799805,998.073,6847.799805,2611.030029,2082.06,3031.06,1634.569946,4773.399902,32436.529297,68847
734205,5606.700195,5875.910156,3903.540039,10585.919922,10552.519531,1138.5,22398.2,11078.299805,1003.39,6851.200195,2600.830078,2087.45,3053.23,1660.040039,4819.600098,32520.269531,68575
734206,5602.299805,5885.890137,3910.01001,10567.650391,10564.379883,1140.449951,22355.8,11002.799805,1000.5,6868.299805,2606.310059,2085.16,3069.14,1660.829956,4829.299805,32514.169922,69576
734207,5640.600098,5936.720215,3943.550049,10563.919922,10567.330078,1145.609985,22638.7,11121,1013.04,6873.600098,2634.159912,2139.8,3048.93,1662.23999,4829.799805,32505.759766,69979
734208,5617.299805,5928.629883,3928.949951,10664.950195,10611.839844,1150.23999,22540.8,11045.400391,1008.93,6851.700195,2613.52002,2124.58,3051.28,1656.619995,4825.5,32602.939453,69885
734209,5625.700195,5945.109863,3927.399902,10751.259766,10624.69043,1149.98999,22565.2,11077,1018.15,6836.600098,2625.280029,2115.65,3013.41,1662.73999,4831.5,32578.050781,69341
734213,5620.399902,5970.990234,3938.949951,10721.709961,10685.980469,1159.459961,22619.8,11059.299805,1020.05,6874.399902,2631.570068,2112.67,2992.84,1648.01001,4809.100098,32723.900391,69942
734214,5644.600098,6024.279785,3957.889893,10846.980469,10733.669922,1166.209961,22902.6,11166.799805,1025.58,6892,2665.620117,2089.71,3050.48,1682.859985,4866.899902,32798.300781,69723
734215,5642.600098,6012.310059,3938.179932,10744.030273,10779.169922,1165.829956,22785.2,11073.5,1017.43,6897.700195,2654.850098,2019.62,3046.09,1675.170044,4877.700195,32969.828125,69697
734216,5650.100098,5982.430176,3925.439941,10824.719727,10741.980469,1159.900024,22687.3,10990.799805,1025.88,6880.799805,2639.280029,2049.36,3067.75,1686.109985,4890.100098,33022.839844,68829
734220,5673.600098,6017.27002,3952.550049,10774.150391,10888.830078,1174.170044,22765.9,10996.200195,1030.13,6877.200195,2649.340088,2047.03,3053.12,1681.819946,4887.899902,33361.269531,69387
734221,5677.899902,6039,3949.810059,10815.030273,10836.150391,1167.719971,22781.9,10866.299805,1025.05,6880,2649.699951,2062.94,3056.81,1681.01001,4903.200195,33160.96875,68913
734222,5727.700195,6132.950195,4000.47998,10828.849609,10841.209961,1165.72998,23011.5,11091.400391,1033.34,6894.200195,2672.100098,2062.94,3019.18,1688.390015,4896.299805,33164.328125,68442
734223,5703,6120.049805,3988.929932,10996.370117,10850.360352,1166.589966,23063.9,11071.099609,1027.42,6839,2656.929932,2147.83,3059.72,1697.719971,4905.200195,33147.808594,68683
734226,5710.700195,6156.850098,4000.659912,10986.469727,10895.860352,1173.219971,23105,11091,1028.19,6850.600098,2665.399902,2137.37,3123.8,1691.98999,4907.200195,33416.101562,69939
734227,5672.299805,6142.450195,3987.409912,11097.139648,10907.419922,1173.27002,23003.3,10980.700195,1022.79,6871.399902,2656.120117,2095.64,3128.47,1700.189941,4926.799805,33399.460938,69960
734228,5679.600098,6153.549805,3974.01001,11089.94043,10856.629883,1169.430054,22848,10871.299805,1019.68,6873.399902,2648.459961,2067.49,3109.1,1692.849976,4893.100098,33266.429688,70372
734234,5780.399902,6252.209961,4053.939941,11282.320312,10969.990234,1189.439941,23346.7,11160.599609,1046,6886.200195,2696.659912,2048.69,3158.68,1726.089966,4974.100098,33801.210938,71096
734235,5762.100098,6222.410156,4026.969971,11292.830078,10897.519531,1182.449951,23151.3,11191.299805,1042.78,6843.5,2696.959961,1987.58,3148.22,1726.599976,4983.200195,33632.351562,70793
734236,5712.700195,6171.830078,3978.459961,11168.200195,10927.070312,1186.439941,22820,11076.299805,1036.73,6791,2668.620117,1925.82,3118.71,1733.780029,4960.299805,33567.351562,71785
734237,5771,6249.700195,4050.540039,11204.339844,10997.349609,1194.369995,23103.9,11394.200195,1044.58,6889,2702.870117,1991.22,3145.35,1724.469971,4972.899902,33840.851562,71417
734240,5777.700195,6250.689941,4050.5,11251.900391,11005.969727,1196.47998,23291.7,11460.799805,1048.27,6911,2714.810059,2061.04,3129.26,1710.300049,5011.600098,33852.390625,70614
734241,5761.700195,6230.830078,4031.98999,11161.230469,11019.419922,1197.300049,23195.6,11461,1045.13,6885.899902,2708.97998,2015.56,3161.25,1710.589966,4978.399902,33819.039062,70792
734242,5796.299805,6278.399902,4057.699951,11204.900391,11123.110352,1210.650024,23480.4,11503.700195,1051.76,6916.600098,2716.699951,1987.36,3166.18,1735.329956,5017.899902,34113.929688,71035
734243,5825,6291.450195,4065.649902,11273.790039,11144.570312,1211.670044,23539.2,11523.5,1053.25,6967.600098,2715.159912,2028.55,3164.97,1743.910034,5024.100098,34134.230469,70524
734244,5744,6180.899902,3986.629883,11102.179688,11018.660156,1192.130005,23007.2,11259.700195,1048.89,6893.700195,2687.360107,1995.24,3130.3,1734.48999,5007.299805,33621.390625,69421
734247,5727.899902,6162.439941,3970.469971,10908.769531,11092.049805,1197.52002,22785.8,11199.5,1043.04,6803.700195,2667.959961,1944.11,2980.3,1705.300049,4939.399902,33439.769531,69098
734248,5783.700195,6264.22998,4026.649902,10900.679688,11117.05957,1207.170044,23271.7,11305.599609,1055.34,6841.899902,2681.070068,1961.86,2979.53,1718.030029,4949.5,33813.160156,69318
734250,5665.299805,6168.720215,3924.649902,10949.089844,11134.290039,1208.670044,22616.5,10821.900391,1038.34,6720.100098,2630.939941,1860.76,2999.48,1739.52002,4936.799805,33658.371094,69386
734251,5723.700195,6259.529785,3951.300049,10914.459961,11204.280273,1217.280029,22726,10918.200195,1066.82,6768,2644.139893,1857.96,2983.54,1737.030029,4913.5,33853.691406,69509
734255,5603.5,6159.509766,3844.600098,11212.660156,10991.990234,1183.709961,22036.5,10480.900391,1042.82,6667.5,2567.679932,1696.68,2907.93,1749.550049,4913.299805,32679.359375,66511
734256,5586.600098,6084.339844,3787,10924.790039,11045.269531,1191.359985,21501.2,10167,1042.87,6576.399902,2506.189941,1707.35,2900.33,1733.910034,4854.200195,32952.859375,66656
734258,5553.299805,6135.700195,3816.98999,11057.400391,11008.610352,1186.689941,21562.5,10492.200195,1053.88,6616.799805,2560.98999,1869.99,2870.61,1741.560059,4833.899902,32687.320312,67530
734264,5261,5908.259766,3556.110107,10695.69043,10520.320312,1128.150024,19483.9,9352.599609,977.25,6387.5,2400.780029,1678.42,2739.7,1684.709961,4598.600098,31398.970703,63414
734265,5123,5715.089844,3392.590088,10364.589844,10380.429688,1110.880005,18846.2,9046.099609,944.567,6205.600098,2296.810059,1630.47,2688.38,1647.5,4507.399902,31488.820312,62871
734268,5387.399902,6017.910156,3720.290039,10530.700195,10785.139648,1159.72998,20971.2,10351.900391,1005.34,6482,2511.97998,1779.3,2698.76,1677.630005,4622.200195,32276.919922,65453
734269,5334.200195,6037.709961,3693.199951,10411.099609,10748.259766,1155.790039,20874.7,10008.599609,993.036,6509,2483.530029,1735.29,2647.57,1670.23999,4573.200195,32119.109375,64425
734270,5383.5,6183.490234,3733.870117,10394.030273,10896.910156,1171.670044,21029.5,10089.799805,1010.25,6575,2540.360107,1749.59,2655.71,1663.030029,4599.700195,32379.630859,65224
734272,5262.899902,6056.709961,3560.360107,10462.509766,10620.160156,1135.680054,19781.2,9314.700195,984.909,6428.700195,2447.169922,1658.29,2696.63,1695.630005,4643,31812.730469,63412
734275,5262.5,6066.919922,3543.550049,10235.759766,10625.830078,1136.939941,19826.8,9286.099609,991.576,6428.899902,2439.070068,1634.61,2559.93,1651.51001,4500.700195,31580.630859,62866
734276,5307.299805,6155.930176,3617.320068,10242.639648,10510.950195,1120.800049,20314.2,9627.599609,1000.41,6470.799805,2485.23999,1629.24,2594.78,1643.23999,4500,31136.349609,60841
734277,5158.100098,5988.669922,3511.669922,10186.839844,10444.370117,1115.050049,19612.7,9376.5,969.058,6374.399902,2432.850098,1636.48,2587.81,1630.079956,4414.299805,30992.759766,59689
734278,5073.100098,5867.879883,3432.52002,10030.30957,10068.009766,1071.589966,19282.1,9270.5,947.932,6262.399902,2386.48999,1582.22,2555.94,1600.180054,4342.399902,30368.080078,58192
734283,4940.700195,5670.040039,3331.290039,9459.889648,10043.75,1074.030029,18382.7,9004.400391,931.481,6091.5,2329.790039,1539.9,2622.63,1560.829956,4286.299805,30634.169922,59184
734284,5038.100098,5758.02002,3408.590088,9522.660156,9974.450195,1067.949951,18778.4,9042.599609,957.055,6167.5,2386.449951,1585.75,2625.79,1582.119995,4330.399902,31328.490234,60190
734285,5195.200195,5937.140137,3525.310059,9639.719727,10258.990234,1103.060059,19631.9,9334.900391,978.549,6305.200195,2469.560059,1578.42,2655.92,1607.5,4399.100098,32056.160156,62092
734286,5188.399902,5946.180176,3515.060059,9762.980469,10136.629883,1089.410034,19475.9,9425.5,979.125,6321.899902,2460.540039,1570.22,2655.77,1622.780029,4479,31547.550781,61947
734290,5163.299805,5981.27002,3503.080078,9711.830078,10024.019531,1070.709961,19279.2,9299.700195,981.251,6316.600098,2466,1527.6,2568.28,1630.400024,4436.700195,31245.830078,61841
734293,5126,5938.879883,3455.610107,9901.19043,9931.969727,1064.880005,18734.7,8923.400391,988.459,6299,2429.669922,1484.9,2553.59,1664.130005,4472.399902,30992.650391,61676
734296,5069.100098,5904.950195,3413.719971,9520.799805,9816.490234,1050.469971,18631.2,8795.299805,977.631,6291,2412.050049,1403.92,2511.73,1637.969971,4350.700195,30739.009766,61183
734297,5028.200195,5868.549805,3380.360107,9537.94043,9939.980469,1062,18542.8,8669.799805,972.003,6246.200195,2390.889893,1408.84,2513.95,1651.47998,4401.200195,31059.830078,61856
734298,5085.899902,5984.75,3446.77002,9439.129883,9899.25,1055.689941,18912.9,8868.700195,996.845,6319.200195,2425.679932,1461.83,2583.87,1647.219971,4402.600098,31209.330078,61479
734299,5132.5,6056.589844,3516.639893,9542.650391,10172.530273,1086.839966,19391.1,9198.200195,1017.74,6376.700195,2463.320068,1476.47,2562.58,1651.699951,4448.399902,31910.220703,63049
734300,5163.700195,6047.830078,3555.52002,9705.25,10211.070312,1091.599976,19660.3,9561.700195,1016.29,6426.700195,2463.850098,1484.13,2569.94,1675.339966,4516.5,32124.279297,63605
734304,5217.799805,6175.049805,3661.51001,9887.889648,10404.769531,1115.22998,20582.7,9742,1045.29,6484.700195,2509.310059,1530.04,2569.94,1690.030029,4517.600098,32685.400391,64442
734306,5253.899902,6223.540039,3683.080078,9999.400391,10434.169922,1116.040039,20568.9,9755.099609,1046.51,6475.299805,2523.360107,1514.85,2560.25,1707.920044,4547,32775.339844,64541
734307,5250.799805,6216.97998,3687.209961,9995.019531,10450.639648,1117.51001,20752.3,9971.799805,1054.58,6447.100098,2528.929932,1542.99,2513.22,1711.949951,4574.100098,32814.621094,64438
734310,5299.100098,6292.970215,3736.149902,10238.009766,10442.410156,1113.199951,20810.4,10071.900391,1060.51,6519.600098,2549.840088,1595.21,2586.21,1739.680054,4632.700195,32882,64829
734311,5247,6269.040039,3705.320068,10112.889648,10293.519531,1095.310059,20609,10016.099609,1059.38,6463.5,2536.219971,1569.99,2588.7,1731.47998,4581.299805,32470.699219,64811
734312,5178.5,6204.52002,3641.790039,9923.700195,10298.44043,1092.040039,20358.9,9886,1047.67,6381.899902,2494.340088,1525.53,2569.87,1725.819946,4509.399902,32663.289062,65160
734313,5100.200195,6115.47998,3555.360107,9928.339844,10152.799805,1073.689941,19942.4,9586.5,1021.43,6320.600098,2455.800049,1468.86,2566.75,1739.869995,4504.100098,32312.759766,63937
734317,5071.700195,6157.220215,3576.449951,9693.94043,10138.519531,1074.569946,20130.6,9688.5,1025.89,6311.100098,2461.959961,1447.15,2535.28,1732.030029,4409.700195,32568.189453,64225
734318,4914.200195,5952.029785,3432.98999,9570.669922,9870.299805,1041.23999,19236.3,9160.400391,993.924,6144.5,2382.47998,1434.41,2427.05,1707.76001,4370.600098,31473.199219,61978
734319,4916.899902,5965.52002,3442.889893,9382.639648,9774.019531,1030.709961,19311.8,9263.400391,1005.93,6128.100098,2386.530029,1434.22,2398.37,1698.290039,4324.799805,31156.970703,60936
734320,4805.799805,5857.430176,3339.899902,9191.599609,9732.530273,1027.369995,18943.8,9178.200195,981.538,5981.700195,2336.120117,1452.13,2373.79,1686.23999,4262.700195,31197.039062,61236
734321,4838.100098,5834.149902,3348.370117,9203.709961,9686.480469,1022.580017,19073.8,9250.799805,983.297,5974.299805,2337.290039,1451.08,2382.9,1671.819946,4264.899902,31379.669922,61430
734325,4965,5940.97998,3423.360107,9338.040039,9743.620117,1028.060059,19356.7,9615,1009.41,6063.100098,2389.280029,1503.07,2409.42,1684.939941,4299.700195,31533.580078,62065
734326,5014.799805,5992.859863,3483.439941,9279.650391,10018.280273,1060.27002,20013.1,9987.400391,1020.43,6099.200195,2415.810059,1491.76,2421.12,1675.650024,4277.799805,32035.189453,63284
734327,5105.5,6035.660156,3538.25,9535.740234,10138.990234,1070.25,20243.7,10080.5,1013.16,6155.700195,2455.98999,1525.09,2415.15,1698.640015,4374.100098,31960.640625,63476
734331,5167,6077.189941,3567.659912,9548.110352,10216.269531,1078.75,20517.9,10058.200195,1030.18,6228.299805,2470.27002,1527.58,2490.72,1734.050049,4429.5,31870.550781,62960
734332,5271,6191.129883,3637.76001,9537.230469,10363.019531,1095.339966,20851.8,10259.5,1061.1,6298.600098,2516.26001,1567.48,2450.29,1735.079956,4400,32185.199219,63686
734333,5253.5,6209.759766,3632.97998,9795.240234,10366.719727,1095.170044,20804.4,10278.5,1063.74,6332.299805,2522.120117,1573.87,2470.44,1758.01001,4477.299805,32305.710938,63479
734334,5211.299805,6149.359863,3581.820068,9685.530273,10359.30957,1096.47998,20480.1,10160.200195,1055.52,6291.100098,2495.050049,1608.76,2424.3,1751.290039,4456.700195,32381.060547,63489
734335,5158.899902,6040.27002,3500.159912,9408.360352,10097.900391,1064.880005,20161,9991.700195,1034.69,6184.399902,2442.75,1612.87,2424.27,1738.449951,4437,31783.390625,62339
734339,5139.5,5967.490234,3468.02002,9300.459961,10229.959961,1083.47998,19985.3,10061.299805,1027.36,6123.399902,2417.340088,1579.14,2528.73,1736.77002,4418.700195,32024.269531,64463
734340,5214.600098,5990.379883,3493.919922,9278.830078,10120.530273,1069.589966,20137.9,10040.799805,1040.84,6132.700195,2451.929932,1570.59,2535.39,1748.780029,4428.700195,32108.990234,64477
734341,5313.799805,6142.149902,3600.570068,9220.879883,10322.299805,1093.670044,20694.3,10302.900391,1065.37,6194.200195,2501.409912,1612.38,2562.41,1735.530029,4394.799805,32720.759766,65748
734342,5312.600098,6166.339844,3607.050049,9430.959961,10424.620117,1102.660034,20604.1,10388.200195,1057.77,6201.299805,2506.070068,1590.5,2572.03,1758.060059,4475.100098,32806.03125,66323
734345,5351.100098,6194.209961,3636.179932,9503.660156,10525.429688,1115.01001,20820,10506.700195,1059.44,6199.5,2531.75,1625.21,2588.68,1769.069946,4504.399902,32958.890625,66443
734346,5365.700195,6207.310059,3666.399902,9496.849609,10537.69043,1113.839966,21158.1,10645,1059.29,6275.200195,2557.429932,1692.35,2575.37,1768.310059,4513.899902,32695.310547,66674
734347,5319.700195,6178.939941,3670.360107,9753.269531,10497.879883,1106.130005,21082.1,10643.900391,1050.84,6277.5,2545.080078,1688,2633.66,1773.469971,4542.100098,32665.560547,66808
734348,5314,6134.700195,3651.909912,9696.019531,10467.160156,1101.530029,21097,10659.5,1049.02,6220.600098,2537.899902,1708.38,2648.12,1770.880005,4536.200195,32463.720703,66954
734349,5258,6147.970215,3643.139893,9537.299805,10465.94043,1101.599976,21021.6,10499.799805,1047.26,6200.799805,2517.300049,1681.98,2637.5,1759.329956,4507.399902,32308.740234,67515
734352,5397.100098,6292.129883,3752.030029,9570.30957,10674.379883,1125.859985,21547.8,10835.400391,1074.61,6321.600098,2579.350098,1746.72,2672.52,1782.27002,4554.399902,32816.519531,68517
734353,5396.5,6307.910156,3747.51001,9694.009766,10636.379883,1120.459961,21498.3,10871.400391,1073.17,6337.700195,2588.919922,1769.93,2627,1790.599976,4586.5,32768.078125,67997
734354,5386.200195,6331.330078,3760.719971,9489.339844,10680.429688,1127.23999,21466.4,10843.299805,1071.28,6380.299805,2587.820068,1777.55,2638.52,1789.26001,4559.700195,32900.480469,68272
734355,5365.799805,6333.580078,3764.189941,9653.919922,10674.980469,1125.810059,21303,10840,1074.4,6374.899902,2586.090088,1745.3,2620.76,1783.859985,4584.899902,32907.191406,68412
734356,5332.399902,6259.629883,3716.050049,9642.120117,10653.55957,1121.640015,21084.5,10651.099609,1065.22,6321.399902,2549.820068,1713.01,2658.39,1783.829956,4586.299805,32917.921875,68095
734359,5410.5,6351.600098,3777.370117,9572.490234,10698.75,1127.790039,21341.6,10812.599609,1073.53,6391.700195,2571.02002,1705.23,2672.53,1790.170044,4615.600098,32837.570312,67862
734360,5376.399902,6286.25,3730.580078,9551.049805,10644.25,1121.060059,21259.9,10718.5,1063.32,6395,2561.709961,1666.01,2595.27,1781.130005,4563,32685.519531,67223
734361,5245.200195,6154.069824,3628.290039,9292.849609,10378.830078,1089.469971,20579.2,10374.799805,1036.28,6265.799805,2495.929932,1649.87,2607.5,1758.189941,4479.600098,32058.570312,65790
734362,5266.100098,6135.169922,3621.070068,9212.589844,10319.950195,1083.609985,20539.4,10342.400391,1031.23,6279.399902,2505.899902,1628.28,2575.48,1721.75,4422.399902,32041.130859,65966
734363,5275.399902,6110.410156,3610.909912,9253.459961,10303.150391,1079.25,20473.2,10275.799805,1036.45,6294.299805,2485.699951,1625.99,2606.7,1746.23999,4480.899902,32099.75,66264
734366,5276.100098,6110.569824,3597.600098,9196.669922,10302.009766,1079.380005,20409.1,10258.299805,1046.09,6285.700195,2469.459961,1632.16,2661.71,1743.310059,4465.399902,32119.880859,66702
734367,5350.600098,6206.399902,3663.129883,9161.679688,10405.849609,1092.540039,20668.6,10369.5,1057.14,6359.700195,2518.340088,1678.06,2671.89,1755.030029,4503.200195,32286.080078,67584
734368,5302.899902,6186.310059,3647.929932,9240.540039,10415.540039,1094.160034,20536.8,10391,1057.2,6362.899902,2512.610107,1664.5,2666.3,1761.98999,4503.899902,32408.300781,67638
734369,5211.299805,6075.129883,3572.399902,9362.679688,10271.209961,1075.630005,20115.7,10238,1040.42,6281.399902,2474.080078,1647.89,2687.98,1779.640015,4509.600098,32153.630859,66887
734370,5195.299805,6005.160156,3526.120117,9179.379883,10213.620117,1071.689941,19870.5,10094.299805,1020.63,6185.799805,2452.320068,1589.74,2642.31,1775.540039,4462.100098,32291.669922,66677
734373,5234.799805,6010.910156,3553.22998,9116.69043,10174.410156,1067.359985,20010.3,10221.200195,1021.78,6209.5,2469.080078,1598.88,2639.37,1767.709961,4460.5,32142.669922,65982
734374,5156,5935.439941,3491.110107,8995.139648,10040.450195,1051.869995,19694.9,10052.299805,1005.34,6144.100098,2435.959961,1544.23,2650.31,1760.530029,4418.399902,31364.890625,65156
734375,5109.399902,5899.5,3450.189941,8845.389648,10060.05957,1055.329956,19465.4,9894,995.682,6098.600098,2424,1516.17,2596.58,1734.790039,4356.600098,31453.720703,64803
734376,5155.799805,5912.580078,3475.030029,8906.480469,9985.80957,1047.219971,19735.5,10004.400391,1006.16,6131.799805,2446.629883,1541.72,2603.48,1729.76001,4389.399902,31217.990234,63867
734377,5201.600098,5951.169922,3507.439941,8991.05957,10150.650391,1064.589966,19817.5,10148.200195,1018.89,6183.100098,2467.550049,1547.01,2610.74,1729.560059,4404.100098,31755.349609,65585
734380,5201.600098,5912.410156,3487.01001,9149.259766,10009.730469,1048.920044,19699.7,10136,1008.52,6205.200195,2460.929932,1561.2,2652.66,1760.130005,4483.100098,31382.669922,64261
734381,5225.200195,5925.220215,3490.790039,8824.05957,10014.719727,1049.329956,19734.6,10187,1011.7,6180.899902,2457.459961,1555.41,2638.8,1742.75,4438.799805,31679.849609,65145
734382,5366.399902,6083.899902,3623.840088,8927.019531,10269.469727,1080.290039,20370,10544.799805,1049.26,6332.399902,2531.76001,1571.12,2622.88,1764.689941,4526.799805,32339.230469,67073
734383,5371,6083.850098,3631.429932,9062.839844,10320.099609,1090.099976,20412.3,10537.599609,1043.09,6333.600098,2537.76001,1613.41,2655.78,1775.72998,4563,32417.330078,66808
734384,5428.200195,6134.620117,3672.199951,9114.129883,10447.929688,1104.51001,20639.9,10599.400391,1047.99,6400.700195,2549.959961,1656.82,2655.39,1780.02002,4577.600098,32592.869141,66679
734389,5429.700195,6164.439941,3677.209961,9024.599609,10387.009766,1098.869995,20580.3,10586.200195,1059.6,6387,2556,1586.62,2695.29,1779.219971,4578.299805,32409.599609,66407
734390,5494.200195,6221.52002,3722.149902,9098.389648,10415.240234,1104.180054,20858.5,10712.900391,1067.05,6425.299805,2577.459961,1610.83,2656.35,1784.359985,4621.299805,32518.980469,66624
734391,5501.600098,6214.77002,3725.820068,9239.169922,10462.769531,1109.550049,20833.2,10689.599609,1068.89,6467.700195,2569.719971,1588.33,2663.21,1802.579956,4600.700195,32626.869141,66807
734394,5565.5,6261.680176,3767.149902,9321.820312,10544.129883,1121.900024,21001.6,10765.200195,1080.72,6471.799805,2610.810059,1587.66,2688.32,1818.859985,4654.200195,32921.628906,68031
734395,5567.399902,6275.410156,3774.399902,9299.30957,10526.490234,1121.099976,21003.9,10806.599609,1082.49,6466.299805,2608.850098,1563.36,2688.52,1815.25,4669.100098,33058,67692
734396,5555.600098,6261.870117,3755.639893,9516.55957,10572.730469,1125.069946,20872.8,10751.799805,1080.22,6434,2603.51001,1560.08,2652.5,1823.880005,4702.700195,33046.691406,68107
734405,5598.5,6298.299805,3782.47998,9471.669922,10860.259766,1148.670044,20607.7,10727.599609,1095.59,6360.799805,2601.610107,1514.26,2591.55,1846.599976,4651.5,33280.75,68196
734408,5573.399902,6278.890137,3766.159912,9603.139648,10812.040039,1142.160034,20593.9,10613,1086.24,6338.899902,2597.72998,1496.33,2627.97,1860.829956,4722.200195,33122.441406,68816
734409,5578.399902,6276.089844,3762.350098,9495.759766,10858.139648,1147.699951,20541.6,10590.700195,1090.77,6334.399902,2603.5,1472.5,2611.35,1855.969971,4717,33258.53125,69228
734410,5569.299805,6246.919922,3737.120117,9559.379883,10835.280273,1144.72998,20372.4,10486.799805,1085.09,6311.600098,2602.689941,1466.67,2610.68,1866.449951,4694,33186.761719,69228
734411,5548.600098,6229.02002,3715.179932,9369.349609,10788.049805,1141.199951,20505.2,10514.5,1087.71,6296.299805,2589.72998,1471.04,2655.66,1872.810059,4636.899902,33330.339844,69430
734412,5592.899902,6211.339844,3692.090088,9404.230469,10829.679688,1146.23999,20391.3,10450.099609,1082.37,6284.200195,2579.389893,1468.52,2655.66,1876.72998,4634.700195,33807.480469,70229
734415,5556,6134.209961,3649.810059,9381.05957,10751.269531,1137.030029,20091,10383,1068.74,6248.799805,2558.820068,1488.71,2655.66,1879.290039,4678.399902,34040.171875,70385
734417,5681.399902,6270.72998,3764.909912,9691.429688,10967.650391,1159.969971,20568.3,10700.200195,1089.08,6351,2613.439941,1552.55,2655.66,1903.949951,4738,34370.640625,70541
734418,5662.100098,6276.25,3770.469971,9684.80957,10948.580078,1158.060059,20691.9,10740.299805,1085.78,6375.600098,2604.030029,1553.76,2655.66,1900.849976,4746.200195,34257.808594,69918
734419,5657.600098,6291.669922,3763.179932,9588.879883,11006.480469,1165.150024,20750.7,10720.799805,1085.51,6363.200195,2622.780029,1528.48,2738.74,1897.069946,4740.5,34464.820312,70809
734424,5747.399902,6434.52002,3828.340088,9403.509766,11096.080078,1178.099976,21145.3,10866.099609,1104.08,6455.100098,2670.379883,1581.69,2861.36,1876.150024,4691.100098,34798.648438,71675
734425,5727.200195,6455.27002,3819.169922,9583.509766,11094.570312,1173.810059,21094.9,10849.700195,1098.43,6441,2662.909912,1541.79,2879.64,1899.76001,4765.899902,34836.5,71692
734426,5703.399902,6492.299805,3827.370117,9500.25,11062.780273,1176.189941,21062.2,10868.200195,1094.52,6443,2658.780029,1549.94,2971.16,1902.290039,4758.200195,34741.539062,71830
734429,5742.5,6516.629883,3834.5,9498.490234,11143.69043,1184.709961,21258.6,10897.700195,1097.3,6470.299805,2672.379883,1557.21,2955.23,1875.420044,4723.399902,34919.308594,71736
734430,5703.899902,6490.689941,3807.169922,9539.450195,10978.620117,1165.900024,21233.5,10895.299805,1095.46,6472,2666.149902,1573.08,3001.85,1857.319946,4727.299805,34452.210938,69864
734431,5728.899902,6524.549805,3828.149902,9381.599609,11107.969727,1178.170044,21425.8,10896.900391,1098.88,6477.200195,2669.27002,1589.15,3003.95,1870.439941,4694.5,34880.46875,70405
734432,5757.899902,6611.009766,3878.27002,9376.480469,11146.570312,1180.26001,21616.4,10892.299805,1116.63,6512.200195,2691.780029,1586.11,2983.53,1874.689941,4696.399902,34965.25,69652
734433,5741.399902,6605.839844,3868.540039,9426.709961,11132.55957,1183.079956,21536.2,10924.799805,1109.96,6477.100098,2691.530029,1605.82,2975.04,1897.310059,4719.600098,35120.878906,69530
734436,5752,6639.209961,3870,9401.160156,11164.049805,1185.619995,21435,10870.299805,1110.38,6513.600098,2698.639893,1637.15,3051.42,1915.709961,4780.600098,35262.890625,69580
734437,5707.299805,6613.799805,3852.659912,9377.379883,11169.459961,1185.640015,21363.5,10797.799805,1106.48,6476.600098,2692.73999,1608.08,3041.54,1919.410034,4761.5,35373.390625,70740
734438,5646,6568,3815.77002,9387.030273,11126.280273,1182.449951,21250.8,10700.099609,1103.86,6479.200195,2672.709961,1577.89,2997.05,1909.540039,4720.5,35262.898438,70569
734439,5677.899902,6595.279785,3834.840088,9366.030273,11113.950195,1183.780029,21509.6,10753.5,1091.65,6484.700195,2677.399902,1577.89,2992.58,1907.869995,4752.799805,35376.71875,70320
734440,5675.200195,6601.370117,3833.5,9202.450195,11118.490234,1183.26001,21450.6,10812.900391,1089.32,6472.200195,2679.070068,1547.43,2978.83,1882.949951,4733.399902,35568.21875,70673
734443,5694.600098,6604.859863,3841.110107,9154.719727,11124.620117,1184.380005,21184.9,10649.5,1091.69,6504.700195,2688.389893,1504.23,3054.02,1914.73999,4770.899902,35722.710938,71561
734446,5862.799805,6734.689941,3916.780029,9358.780273,11434.839844,1221.060059,21439.2,10602.799805,1109.37,6595.600098,2710.409912,1497.75,3086.94,1942.5,4817.5,36198.601562,72996
734447,5875.399902,6754.200195,3916.72998,9625.990234,11444.080078,1225.849976,21194.7,10428.099609,1098.69,6587.700195,2686.090088,1507.79,3129.5,1938.959961,4872.899902,36317.511719,72607
734450,5850,6750.5,3913.699951,9732.919922,11406.839844,1223.25,21229,10291.799805,1105.31,6600.399902,2683.419922,1526.91,3159.51,1942.410034,4855.299805,36543.390625,72657
734451,5875.200195,6787.810059,3945.709961,9694.490234,11346.75,1213.400024,21578.5,10409.799805,1113.42,6581.899902,2702.840088,1541.02,3135,1947.459961,4820.799805,36198.03125,71679
734452,5816.899902,6719.839844,3888.449951,9830.519531,11357.040039,1218.709961,21058,10235.400391,1106.34,6539.799805,2672.25,1510.16,3115.36,1967.849976,4779.5,36417.46875,71638
734453,5815.200195,6723.410156,3867.350098,9861.459961,11283.099609,1213.540039,20856,10149.5,1103.12,6517,2631.639893,1493.59,3147.74,1914.72998,4810.299805,36304.539062,71195
734454,5796.899902,6734.609863,3831.120117,9724.80957,11192.580078,1199.209961,20829.8,10226.799805,1094.55,6505.299805,2624.969971,1497.2,2985.44,1913.119995,4778.799805,36057.390625,70367
734458,5681.899902,6663.240234,3762.469971,9797.099609,11023.5,1178.339966,20563.1,10095.400391,1083.92,6476.5,2608.060059,1494.17,2894.54,1899.130005,4782.799805,35648.210938,69192
734459,5692.600098,6700.069824,3792.350098,9811.660156,11007.879883,1178.589966,20639.1,10189.299805,1086.53,6495,2624.860107,1464.68,2838.86,1897.109985,4705.100098,35842.480469,69709
734460,5768.700195,6832.109863,3867.969971,10013.629883,11181.230469,1196.689941,20880.4,10325.299805,1106.32,6613.399902,2670.51001,1502.83,2865.45,1927.859985,4722.799805,36322.121094,70781
734461,5732.799805,6843.549805,3860.159912,10022.389648,11203.549805,1199.72998,20773.1,10271.700195,1110.55,6590.799805,2665.01001,1492.67,2888.57,1940.959961,4717.700195,36601.398438,70898
734464,5680.799805,6822.049805,3818.889893,10115.19043,11178.580078,1197.839966,20372.2,9996.400391,1106.55,6532.600098,2643.350098,1460.33,2884.37,1944.339966,4731.799805,36710.460938,69633
734466,5657.100098,6823.799805,3747.610107,10030.110352,11187.280273,1198.349976,19941.2,9742.599609,1100,6449.799805,2591.51001,1450.81,2859.94,1925.97998,4673.200195,37079.28125,69629
734468,5668.700195,6848.97998,3728.649902,10039.55957,11091.870117,1189.400024,19844.3,9547.200195,1110.11,6483.600098,2579.810059,1436.66,2871.7,1901.800049,4690.200195,36904.53125,68226
734471,5551,6697.970215,3636.959961,10125.990234,11052.490234,1187.76001,19314.4,9324.700195,1104.35,6397.5,2521.330078,1411.39,2866.36,1895.540039,4706.700195,36890.609375,67908
734472,5528.299805,6688.490234,3610.439941,9937.040039,11006.019531,1180.550049,19105.7,9267.200195,1107.05,6312.399902,2506.129883,1419.67,2820.18,1904.630005,4676.399902,36817.320312,67705
734473,5642.5,6866.629883,3669.290039,9988.049805,11255.780273,1206.069946,19566.1,9678.400391,1134.27,6409.700195,2565.840088,1474.35,2823.45,1929.319946,4676.799805,37277.558594,69346
734474,5767.600098,6957.609863,3747.040039,10168.519531,11362.410156,1221.530029,20054.1,9947.599609,1145.51,6483.399902,2617.199951,1474.05,2843.61,1950.26001,4761.799805,37399.46875,69527
734475,5745.299805,6947.720215,3750.550049,10178.320312,11382.089844,1224.709961,20120.8,10014.799805,1149.56,6440.899902,2614.98999,1486.5,2842.43,1957.26001,4780.100098,37385.910156,69766
734478,5770.299805,6954.379883,3749.22998,10167.230469,11362.19043,1223.119995,19930.3,9889.900391,1144.44,6412.200195,2611.409912,1492.92,2857.18,1953.640015,4779.399902,37737.128906,69552
734479,5808.5,7001.910156,3810.5,10141.099609,11359.160156,1223.75,20112.4,9924.700195,1148.98,6462.5,2624.669922,1533.76,2875.86,1962.52002,4816,37880.128906,69338
734480,5794.5,6975.870117,3831.97998,10232.330078,11372.480469,1228.280029,20393.9,10078.400391,1145.63,6508.100098,2617.439941,1523.51,2848.55,1955.719971,4791.700195,37617.769531,68175
734481,5808,6964.160156,3858.050049,10285.879883,11370.05957,1233,20533.6,10185.5,1133.52,6537.600098,2624.399902,1542.41,2810.95,1988.959961,4827.5,37567.390625,67879
734482,5813,7006.169922,3857.350098,10211.950195,11410.320312,1240.400024,20487.3,10121.900391,1139.16,6519.100098,2628,1506.32,2841.04,1986.140015,4830,37677.78125,68342
734485,5860.799805,7029.390137,3892.439941,10293.889648,11428.55957,1240.459961,20634.6,10151.200195,1146.15,6519.100098,2636.870117,1499.39,2922.95,1996.589966,4841.200195,37894.339844,69126
734486,5891.200195,7027.399902,3902.870117,10316.769531,11476.540039,1241.589966,20708.6,10162.700195,1155.84,6545.799805,2635.689941,1501.4,2927.08,2009.050049,4850.899902,37901.039062,68743
734487,5882.200195,7016.370117,3880.189941,10309.780273,11457.469727,1235.22998,20410.3,10009.799805,1156.4,6560.399902,2623.030029,1484.99,2911.41,2017.47998,4853.399902,37676.550781,67870
734488,5881.100098,7024.399902,3888.360107,10311.290039,11499.25,1242.869995,20366.6,10010.299805,1153.85,6566.200195,2615.169922,1487.39,2898.14,2009.23999,4868.799805,37832.859375,67306
734489,5871.799805,6982.450195,3867.350098,10303.830078,11491.910156,1243.910034,20069.2,9898.099609,1153.13,6538.200195,2596.590088,1498.01,2893.74,2026.300049,4853,37997.339844,67981
734492,5891.600098,7018.600098,3885.080078,10216.410156,11478.129883,1247.079956,20373.7,9996.099609,1154.19,6521.299805,2614.850098,1449.79,2852.92,2020.280029,4829.200195,37975.480469,67264
734493,5951.799805,7077.990234,3927.48999,10370.530273,11533.160156,1254.599976,20736.6,10203.400391,1166,6558.200195,2631.01001,1459.24,2904.11,2037.089966,4862.5,38230.859375,68215
734494,5983.5,7067.919922,3919.709961,10346.480469,11559.490234,1258.839966,20733.4,10183.5,1163.27,6553.700195,2631.429932,1449.12,2877.9,2038.109985,4869.600098,38172.910156,68471
734501,5996.399902,6995.470215,3890.649902,10344.540039,11585.379883,1259.780029,20471,9981.5,1165.11,6566.600098,2611.449951,1428.15,2751.53,2043.48999,4871.600098,38230.199219,68952
734502,5971,6914.189941,3850.76001,10228.919922,11569.709961,1257.880005,20173.3,9859.099609,1155.57,6436,2590.669922,1423.92,2759.57,2051,4886.700195,38243.140625,69305
