Date,UK,Germany,France,Japan,DJI,SP500,Italy,Spain,Sweden,Switzerland,Belgium,Greece,China,Korea,Australia,Mexico,Brazil
732316,4847,4290.5,3863.300049,11517.75,10630.780273,1188.050049,31094,9120,753.56,5775.5,2987.090088,2832.57,1242.77,886.900024,4060.699951,12777.129883,24848
732317,4806,4258.240234,3829.360107,11437.519531,10597.830078,1183.73999,30976,9024.400391,745.23,5725.5,2971.790039,2818.33,1251.94,885.190002,4043.399902,12591.330078,24692
732319,4854.100098,4316.399902,3877.959961,11433.240234,10603.959961,1186.189941,31128,9041.099609,748.02,5735.200195,3002.649902,2849.31,1244.75,870.840027,4062.800049,12453.330078,24747
732323,4818.700195,4258.009766,3848.98999,11539.990234,10556.219727,1182.98999,30740,8966.400391,747.8,5713.100098,2980.22998,2849.07,1257.46,884.289978,4070.300049,12216.799805,24370
732324,4783.600098,4208.819824,3816.139893,11453.389648,10617.780273,1187.699951,30645,8945.700195,734.31,5669.600098,2973.919922,2863.64,1256.92,880.030029,4068.300049,12329.160156,24510
732325,4800.299805,4212.140137,3834.110107,11358.219727,10505.830078,1177.449951,30863,9016.799805,737.36,5687.799805,2959.719971,2892.45,1256.31,885.539978,4069.100098,12462.900391,24806
732326,4820.799805,4232.359863,3854.600098,11438.389648,10558,1184.52002,31056,9025.099609,742.63,5730.100098,2958.790039,2887.86,1245.62,905.099976,4062.899902,12694.740234,24924
732330,4823.899902,4250.709961,3875.02002,11423.259766,10628.790039,1195.97998,31094,9096.900391,746.16,5739.399902,2969.48999,2832.73,1225.45,920.570007,4065.5,13029.700195,24089
732331,4818.299805,4245.549805,3869.01001,11405.339844,10539.969727,1184.630005,31221,9087.599609,746.09,5749.5,2967.290039,2879.18,1218.11,916.27002,4055.699951,13035.80957,24271
732332,4800.799805,4220.430176,3842.439941,11284.769531,10471.469727,1175.410034,31132,9017.700195,736.87,5728.100098,2962.399902,2891.6,1204.39,909.369995,4038.5,12769.990234,23610
732333,4803.299805,4213.700195,3854.189941,11238.370117,10392.990234,1167.869995,31190,8999.400391,735.1,5738.100098,2979.179932,2904.14,1234.48,919.609985,4046.399902,12673.620117,23818
732336,4812.5,4201.890137,3848.709961,11289.490234,10368.610352,1163.75,31042,8967.099609,727.56,5750.5,2971.22998,2912.7,1255.78,923.109985,4047.600098,12743.580078,24198
732339,4853.399902,4216.410156,3891.399902,11341.30957,10467.400391,1174.550049,31129,9125.299805,741.92,5773.700195,3005.409912,2941.43,1225.89,924.869995,4101.200195,12986.400391,24030
732340,4832.799805,4201.810059,3870.350098,11320.580078,10427.200195,1171.359985,31008,9139.400391,735.32,5750.700195,2985.310059,2954.06,1213.67,921.590027,4096.399902,13040.530273,23968
732343,4852.299805,4254.850098,3913.689941,11387.589844,10489.94043,1181.27002,31334,9223.900391,741.5,5771.399902,2997.600098,2919.93,1191.82,932.700012,4106.700195,13097.120117,24351
732344,4906.200195,4279.970215,3939.179932,11384.400391,10551.94043,1189.410034,31515,9257,750.06,5797.899902,3010.570068,2912.87,1188.93,923.690002,4127.200195,13340.519531,24149
732345,4916.200195,4296.310059,3951.719971,11407.139648,10596.790039,1193.189941,31563,9307,754.04,5795.100098,3027.399902,2879.7,1252.5,921.440002,4141.200195,13339.410156,24605
732346,4908.299805,4281.640137,3928.939941,11389.349609,10593.099609,1189.890015,31537,9310.400391,750.12,5816.899902,3043.47998,2898.73,1242.31,928.789978,4146.299805,13440.830078,24874
732347,4941.5,4339.279785,3958.01001,11360.400391,10716.129883,1203.030029,31896,9422.5,755.57,5843.100098,3067.129883,2911.22,1269,933.549988,4156.200195,13446.950195,25732
732357,5041.799805,4386.399902,4012.110107,11632.200195,10791.129883,1206.140015,32307,9585,765.38,5913,3101.570068,2948.48,1269,964.789978,4143,13564.959961,26532
732358,5058.899902,4402.029785,4030.449951,11646.490234,10837.320312,1210.119995,32371,9634.299805,770.4,5916.899902,3128.850098,3013.41,1269,968.880005,4136.299805,13695.910156,26610
732359,5053.200195,4368.77002,4009.02002,11601.679688,10834.879883,1210.339966,32142,9575.599609,764.56,5870.799805,3121.620117,3025.46,1278.88,971.559998,4142.799805,13640.759766,26384
732360,5057.399902,4369.680176,4005.5,11582.719727,10754.259766,1200.75,32161,9585.700195,764.11,5882.899902,3115.090088,3061.94,1276.13,972.559998,4155,13592.030273,27091
732361,5057.200195,4359.470215,4029.02002,11660.120117,10785.219727,1201.589966,32008,9570.099609,758.02,5901.700195,3115.679932,3064.2,1258.97,984.099976,4151.799805,13580.259766,26756
732365,5032.899902,4323.209961,4002.330078,11597.709961,10611.200195,1184.160034,31507,9350.299805,758.64,5911.5,3077.949951,3033.68,1309.28,977.799988,4138.399902,13520.589844,26740
732366,4988.5,4310.660156,3977.189941,11500.179688,10673.790039,1190.800049,31400,9354.099609,759.16,5867.200195,3053.560059,3054.96,1309.47,968.429993,4103.299805,13541.959961,27198
732367,4972.100098,4304.290039,3977.669922,11531.150391,10748.790039,1200.199951,31403,9352.599609,761.61,5886.200195,3048.52002,3092.86,1309.95,987.099976,4086.699951,13684.55957,28436
732368,5006.799805,4348.640137,4034.570068,11658.25,10841.599609,1211.369995,31744,9439.700195,769.89,5936.200195,3070.060059,3092.77,1312.44,996.950012,4116.399902,13870.200195,28425
732371,4968.5,4350.490234,4027.159912,11740.599609,10766.230469,1203.599976,31850,9391,769.97,5931.299805,3106.540039,3145.16,1306,1011.359985,4156.5,13789.459961,28139
732373,4992.799805,4393.430176,4062.719971,11813.709961,10811.969727,1210.079956,31933,9443.599609,776.54,6013.399902,3097.659912,3071.49,1287.45,1007.47998,4172.200195,13770.259766,28200
732374,5014.799805,4373.27002,4061.350098,11856.459961,10833.030273,1210.469971,31902,9418.799805,775.55,5998.799805,3090.97998,3074.71,1294.34,1010.919983,4185.799805,13782.950195,28668
732375,5036.299805,4423.52002,4091.580078,11873.049805,10940.549805,1222.119995,32160,9538,784.17,6009.299805,3121.659912,3105.77,1287.71,1012.960022,4201.899902,13862.759766,29197
732378,5027.200195,4428.089844,4108,11925.360352,10936.860352,1225.310059,32236,9545.900391,780.47,6014.600098,3153.120117,3092.08,1293.74,1007.5,4218.600098,13877.69043,29455
732379,5010.899902,4396.5,4085.379883,11886.910156,10912.620117,1219.430054,32048,9480.200195,775.78,5980.200195,3152.47998,3078.22,1318.27,1000.280029,4223.299805,13752.799805,29021
732380,4996.100098,4375.600098,4066.689941,11966.69043,10805.620117,1207.01001,31963,9410.299805,775.63,5965.5,3133.649902,3091.48,1316.79,1008.789978,4223,13671.400391,28514
732381,4962.100098,4337.680176,4038.209961,11864.910156,10851.509766,1209.25,31702,9319.400391,766.64,5945.700195,3098.25,3100.32,1286.23,998.659973,4199.200195,13421.389648,28567
732382,4982.100098,4360.490234,4049.179932,11923.889648,10774.360352,1200.079956,31680,9330.200195,771.22,5971.899902,3098.98999,3128.96,1289.94,1022.789978,4192.5,13532.349609,28075
732385,4975,4367.299805,4048.550049,11850.25,10804.509766,1206.829956,31717,9296.5,773.37,5963,3081.070068,3128.96,1293.5,1019.690002,4218.600098,13238.540039,28099
732386,5000.200195,4387.689941,4077.73999,11821.089844,10745.099609,1197.75,31966,9354.700195,778.35,6011.5,3096.600098,3102.67,1269.14,993.130005,4210.899902,13184.269531,27588
732387,4937.600098,4309.109863,4019.399902,11873.179688,10633.070312,1188.069946,31577,9201.200195,765.43,5944.799805,3076.070068,3047.9,1255.59,993.130005,4229.899902,13096.549805,27827
732388,4922.100098,4315.919922,4032.070068,11775.5,10626.349609,1190.209961,31639,9235.799805,766.6,5929,3075.889893,2973.9,1243.47,980.049988,4217.299805,13138.759766,28086
732389,4923.299805,4327.180176,4050.77002,11879.80957,10629.669922,1189.650024,31868,9263.900391,764.26,5897,3090.939941,2979.05,1227.4,979.719971,4236.799805,13094.400391,27593
732393,4937.299805,4320.689941,4047.179932,11841.969727,10470.509766,1171.709961,31965,9299.200195,766.32,5915.600098,3084.72998,2877.08,1206.92,980.409973,4225.5,13062.450195,26618
732394,4910.399902,4317.200195,4032.409912,11739.120117,10456.019531,1172.530029,31905,9252.099609,769.11,5926,3068.709961,2909.33,1201.65,966.809998,4164.600098,12852.80957,26248
732400,4919,4351.890137,4081.649902,11599.820312,10405.700195,1165.359985,32181,9324.099609,771.08,5959.799805,3119.370117,2930.67,1195.02,958.960022,4091.899902,12581.799805,25842
732401,4900.700195,4347.52002,4064.610107,11565.879883,10540.929688,1181.410034,32206,9280.099609,769.49,5932.899902,3125.01001,2869.23,1172.57,955.450012,4083.600098,12653.419922,26470
732402,4894.399902,4348.77002,4067.780029,11668.950195,10503.759766,1180.589966,32302,9258.799805,770.39,5929.700195,3125.669922,2854.91,1181.24,965.679993,4100.600098,12676.900391,26611
732403,4914,4373.529785,4080.080078,11723.629883,10404.299805,1172.920044,32481,9289.5,778.64,5950.899902,3140.330078,2893.12,1223.57,981.900024,4126.399902,12714.19043,26774
732406,4896.700195,4341.390137,4052.320068,11667.540039,10421.139648,1176.119995,32355,9206,775.46,5903.200195,3129.52002,2910.12,1202.97,982.5,4109.200195,12593.379883,26407
732408,4947.399902,4379.180176,4106.990234,11827.160156,10486.019531,1184.069946,32508,9382.099609,789.39,6002.399902,3174.550049,2960.28,1214.87,988,4106.200195,12170.870117,25695
732409,4977,4389.52002,4124.370117,11810.990234,10546.320312,1191.140015,32856,9392.400391,788.29,6023.700195,3177.199951,2992,1225.49,988.900024,4112.399902,12471.009766,26308
732410,4983.700195,4400.680176,4124.290039,11874.75,10461.339844,1181.199951,32812,9385.799805,791.09,6016.600098,3182.22998,2993.98,1248.52,992.169983,4148.5,12531.629883,25885
732413,4973.299805,4396.089844,4117.620117,11745.639648,10448.55957,1181.209961,32852,9334.799805,792.3,6014.700195,3185.429932,2994.81,1240.97,985.940002,4115.799805,12425.410156,25900
732414,4946.200195,4372.120117,4096.810059,11670.299805,10507.969727,1187.76001,32669,9303.099609,787.77,5988.100098,3175.780029,3020.63,1219.51,981.789978,4123.399902,12522.240234,26206
732415,4960.799805,4405.689941,4116.850098,11637.519531,10403.929688,1173.790039,32698,9373.900391,791.83,6012.299805,3197.290039,3023.67,1248.2,981.309998,4115,12424.370117,26066
732416,4945.399902,4402.049805,4111.109863,11563.169922,10278.75,1162.050049,32587,9364.5,796.37,6030.5,3170.51001,2994.18,1234.33,953.919983,4063.300049,12233.209961,24984
732417,4891.600098,4312.25,4032.280029,11370.69043,10087.509766,1142.619995,31816,9155.200195,784.29,6019,3141.889893,2950.55,1216.96,947.219971,3993.399902,11942.700195,24656
732420,4827.100098,4202.200195,3949.590088,10938.44043,10071.25,1145.97998,31052,9025.799805,772.86,5925.399902,3064.129883,2889.1,1197.73,925,3936.5,11739.990234,24877
732421,4855.600098,4204.609863,3962.389893,11065.860352,10127.410156,1152.780029,31087,9046.200195,773.9,5977.899902,3090.350098,2905.2,1199.9,932.450012,3996.399902,12011.530273,25566
732422,4822,4178.620117,3950.02002,11088.580078,10012.360352,1137.5,31025,9016.599609,773.1,5914.700195,3068.469971,2896.4,1184.19,937.359985,4001.899902,11842.719727,25062
732424,4849.299805,4223.040039,3980.179932,11045.950195,10157.709961,1152.119995,31325,9096.400391,785.96,5912.899902,3086.72998,2931.76,1169.19,940.789978,4009.600098,11995.320312,24767
732428,4845.5,4233.759766,3993.040039,11035.830078,10151.129883,1151.829956,31322,9083.700195,780.32,5914,3097.860107,2898.75,1165.33,944.460022,3999.100098,12577.719727,25305
732429,4789.399902,4189.02002,3927.679932,11005.419922,10198.799805,1156.380005,30946,8985,757.05,5840.5,3042.27002,2868.78,1148.76,930.159973,3987.5,12454.69043,25242
732430,4790.200195,4178.100098,3911.449951,11008.900391,10070.370117,1143.219971,30841,8985.400391,748.24,5850.100098,3024.75,2868.45,1169.12,917.72998,3975.300049,12255.910156,24440
732434,4801.700195,4224.02002,3938.77002,11002.110352,10251.700195,1162.160034,31150,9119.900391,754.79,5924.600098,3048.669922,2868.45,1159.15,918.419983,3969.199951,12424.950195,24705
732438,4918.899902,4311.060059,4033.459961,11192.169922,10345.400391,1171.349976,31412,9263.099609,766.25,6027.100098,3098.330078,2863.82,1159.15,940.849976,3939.800049,12615.830078,25589
732441,4910.299805,4292.410156,4020.189941,11171.320312,10384.339844,1178.839966,31345,9223.5,768.8,6002.899902,3083.709961,2836.97,1130.83,935.200012,3956.800049,12563.019531,25465
732442,4892.399902,4251.129883,4000.25,11159.459961,10281.110352,1166.219971,31036,9146.099609,765.45,5917.5,3066.429932,2859.02,1135.56,934.280029,3949.100098,12497.429688,24763
732443,4875.399902,4244.160156,3979.530029,11120.700195,10300.25,1171.109985,31116,9149.900391,762.13,5919.899902,3061.75,2870.31,1124.27,923.380005,3958.600098,12464.839844,24699
732444,4893.299805,4267.049805,4015.649902,11077.94043,10189.480469,1159.359985,31337,9213.099609,770.4,5948.700195,3055.429932,2892.03,1103.99,921.210022,3979.199951,12448.730469,24117
732445,4886.5,4275.700195,4017.889893,11049.110352,10140.120117,1154.050049,31373,9222.5,775.2,5943,3037.280029,2883.8,1107.63,923.190002,3965.5,12347.719727,23887
732449,4898.5,4251.77002,4006.189941,10825.389648,10331.879883,1173.800049,31060,9213.299805,776.08,5945.100098,3021.280029,2885.62,1099.64,927.159973,3911.699951,12439.459961,24413
732450,4949.399902,4324.600098,4073.149902,10835.410156,10464.450195,1185.560059,31567,9364.200195,781.66,5996.899902,3054.439941,2854.91,1102.96,930.359985,3940.5,12727.740234,24898
732451,4962.700195,4360.419922,4085.97998,11077.160156,10493.19043,1191.079956,31635,9400.099609,785.11,6017.799805,3073.709961,2867.82,1103.47,952.090027,3993.699951,12795.330078,24829
732452,4971.799805,4360.680176,4096.180176,11037.290039,10471.910156,1189.280029,31676,9368.5,784.58,6023.100098,3073.52002,2902.95,1099.27,952.190002,3990.800049,12883.459961,24522
732455,4989.799805,4406.950195,4118.370117,11158.650391,10523.55957,1193.859985,31583,9397,784.34,6038.600098,3080.77002,2891.29,1070.84,951.049988,4024.300049,13029.580078,24215
732456,4982.5,4396.640137,4102.060059,11133.650391,10503.679688,1194.069946,31532,9372.400391,784.64,6080,3070.860107,2903.3,1073.85,951.609985,4054.300049,13020.719727,24545
732457,4971.5,4389.540039,4100.27002,11014.429688,10457.799805,1190.01001,31564,9351.299805,783.17,6095.100098,3076.139893,2921.96,1072.14,941.299988,4047.300049,13057.839844,24478
732459,4986.299805,4444.709961,4131.830078,11192.330078,10542.549805,1198.780029,31703,9381.5,790.72,6160.799805,3047.199951,2961.63,1051.95,960.909973,4073.899902,13131.389648,25255
732463,4964,4460.629883,4120.72998,11276.589844,10467.480469,1191.5,31739,9427.099609,792.39,6127.200195,3051.669922,2959.53,1060.74,970.210022,4070.399902,12964.389648,25207
732464,5011,4527.169922,4178.25,11329.669922,10549.870117,1202.219971,32111,9550.799805,795.58,6210.299805,3073.949951,2969.2,1039.19,969.51001,4103.700195,13143.620117,25949
732465,5005,4532.169922,4183.720215,11280.049805,10553.490234,1204.290039,32139,9539.700195,789.97,6228.700195,3075.01001,2982.8,1016.06,970.880005,4136.399902,13284.889648,26640
732466,4999.399902,4510.390137,4162.470215,11300.049805,10460.969727,1196.02002,31958,9497.700195,787.58,6210.299805,3083.540039,3019.09,1013.64,976.090027,4149.299805,13204.389648,26366
732470,5025.299805,4566.009766,4180.740234,11217.450195,10483.070312,1197.26001,32153,9535.5,793.48,6237.399902,3071.169922,3047.64,1030.94,970.880005,4160.100098,13148.030273,25026
732471,5003.700195,4557.290039,4171.350098,11281.030273,10476.860352,1194.670044,32192,9487.700195,796.64,6236.700195,3060.290039,3060.37,1115.58,976.219971,4173.299805,13102.660156,24702
732472,5009.200195,4562.75,4153.709961,11160.879883,10503.019531,1200.930054,32278,9494,794.6,6244.700195,3082.060059,3065.73,1131.05,987.580017,4168.899902,13225.280273,24484
732473,5030.399902,4586.100098,4184.100098,11304.230469,10512.629883,1198.109985,32378,9561.5,799.59,6239.399902,3100.399902,3086.51,1108.29,990.789978,4180,13214.599609,24951
732477,5046.799805,4591.689941,4197.740234,11335.919922,10547.570312,1203.910034,32663,9614.400391,807.62,6268.399902,3109.360107,3044.64,1093.46,983.75,4189.600098,13343.099609,25744
732478,5019.5,4548.419922,4184.359863,11415.879883,10566.370117,1206.579956,32622,9563.599609,804.45,6257.100098,3109.399902,3081.33,1072.84,1001.940002,4203.799805,13501.509766,25481
732479,5045,4579.870117,4185.149902,11416.379883,10578.650391,1210.959961,32732,9624.700195,809.8,6257.799805,3128.580078,3098.1,1086.01,1003.140015,4221.299805,13537.280273,25751
732480,5077.600098,4604.569824,4220.910156,11514.030273,10623.070312,1216.959961,32758,9682.299805,808.62,6263.5,3109.889893,3086.09,1085.61,1003.679993,4267.299805,13645.959961,26093
732483,5072,4586.859863,4193.399902,11483.349609,10609.110352,1216.099976,32281,9659.5,811.85,6236.799805,3092.620117,3086.09,1115.62,994.650024,4262.299805,13709.360352,26046
732484,5082.100098,4608.109863,4222.02002,11488.740234,10599.669922,1213.609985,32419,9712.5,818.37,6294.100098,3116.310059,3049.8,1101.49,989.98999,4255.299805,13547.990234,25722
732485,5099.299805,4619.600098,4229.549805,11547.280273,10587.929688,1213.880005,32385,9726.200195,818.93,6286.899902,3137.830078,3007.54,1102.03,1002.150024,4232.100098,13441.650391,25678
732486,5114.399902,4627.47998,4240.180176,11576.75,10421.44043,1200.72998,32390,9769.599609,828.23,6273.700195,3132.580078,3039.15,1093.7,1010.799988,4225.600098,13389.660156,24816
732487,5079,4566.47998,4199.870117,11537.030273,10297.839844,1191.569946,32057,9677.400391,828.23,6223.200195,3109.409912,3038.62,1101.88,1002.429993,4203.799805,13299.280273,24917
732490,5043.5,4523.819824,4157.680176,11414.280273,10290.780273,1190.689941,31734,9622.900391,809.91,6191.100098,3075.47998,3029.81,1124.64,991.109985,4191.200195,13454.730469,25226
732491,5090.399902,4557.459961,4194.330078,11513.830078,10405.629883,1201.569946,32038,9682.5,814.28,6208.600098,3084.47998,3059.38,1108.59,994.73999,4222,13523.070312,25261
732492,5109.100098,4583.629883,4231.879883,11577.44043,10374.480469,1199.849976,32185,9769.200195,821.26,6261.200195,3112.090088,3037.27,1104.99,999.080017,4216.600098,13550.139648,25126
732493,5113.200195,4586.279785,4229.350098,11584.009766,10274.969727,1191.329956,32343,9783.200195,822.49,6253.100098,3112.830078,3060.73,1080.94,1008.159973,4229.899902,13486.129883,25051
732494,5161,4617.069824,4269.620117,11630.129883,10303.44043,1194.439941,32532,9829.099609,830.15,6279.799805,3125.379883,3073.64,1055.59,1018.02002,4224.100098,13509.129883,25311
732498,5190.100098,4603.649902,4252.75,11616.700195,10371.799805,1204.98999,32553,9807.400391,830.03,6282.799805,3113.26001,3073.49,1039.04,1018.809998,4253.600098,13648.469727,24675
732499,5229.600098,4615.490234,4279.950195,11603.530273,10270.679688,1194.939941,32731,9832.5,831.58,6309,3121.919922,3102.19,1033.55,1019.01001,4234.100098,13790.150391,24517
732500,5158.299805,4530.180176,4220.620117,11590.139648,10302.290039,1197.869995,32185,9644.400391,818.54,6250.600098,3089.939941,3062.37,1038.6,1026.819946,4197.600098,13850.360352,24450
732501,5232.200195,4597.970215,4300.310059,11565.990234,10449.139648,1211.859985,32769,9793.200195,832.23,6312.200195,3107.01001,3098.61,1017.98,1021.950012,4193.799805,13871.259766,24423
732504,5242.399902,4663.379883,4321.560059,11674.790039,10519.719727,1219.439941,32985,9876.299805,845.63,6357.200195,3135.179932,3115.41,1011.5,1040.430054,4226.600098,13807.299805,25016
732505,5217.200195,4653.029785,4313.779785,11692.139648,10513.889648,1222.209961,32843,9873.400391,843.81,6328.700195,3121.610107,3115.7,1046.16,1043.880005,4225.100098,13971.669922,25536
732506,5245.899902,4679.890137,4343.620117,11659.839844,10557.389648,1223.290039,33124,9937.799805,850.15,6393.799805,3137.560059,3123.46,1037.39,1050.160034,4240.200195,14005.230469,25856
732507,5259.700195,4699.27002,4370.879883,11764.259766,10628.889648,1226.5,33316,9965.200195,849.89,6449.200195,3170.01001,3116.35,1040.42,1061.930054,4257.700195,14085.05957,25920
732508,5230.899902,4712.899902,4373.77002,11758.679688,10640.830078,1227.920044,33164,9943.799805,848.46,6459.899902,3164.310059,3118.76,1026.11,1059.599976,4254.200195,13952.599609,25222
732512,5201.600098,4770.540039,4424.25,11764.839844,10646.55957,1229.349976,33601,10045,852.5,6482.100098,3188.570068,3252.13,1014.35,1075.47998,4239.799805,14167.509766,25271
732513,5215.200195,4784.5,4418.390137,11789.349609,10689.150391,1235.199951,33465,10007,846.8,6510.700195,3185.370117,3225.94,1021.05,1074.400024,4263.299805,14306.05957,25705
732514,5221.600098,4829.870117,4425.660156,11786.730469,10627.769531,1227.040039,33474,10021.5,852.79,6492,3202.149902,3243.36,1020.63,1074.650024,4302.700195,14271.889648,25842
732515,5241.799805,4836.899902,4415.52002,11695.049805,10651.179688,1233.680054,33540,10018.799805,852.52,6492.5,3186,3252.15,1046.32,1074.219971,4324.200195,14318.469727,25391
732518,5270.700195,4842.700195,4422.120117,11762.650391,10596.480469,1229.030029,33614,10017.099609,852.41,6503.899902,3186.97998,3266.81,1045.4,1089.699951,4335.600098,14135.240234,24531
732519,5256.200195,4843.490234,4420.779785,11737.959961,10579.769531,1231.160034,33630,10043.299805,854.52,6521,3198.570068,3281.06,1072.81,1090.599976,4338.100098,14067.730469,24868
732520,5263.600098,4855.350098,4433.129883,11835.080078,10637.089844,1236.790039,33658,10088.700195,861.49,6560.100098,3217.810059,3307.56,1089.91,1093.030029,4347.600098,14173.379883,25338
732521,5270.299805,4892.5,4462.259766,11858.30957,10705.549805,1243.719971,33774,10128.799805,863.8,6612.399902,3232.77002,3306.71,1086.55,1104.719971,4329.100098,14256.839844,26068
732522,5282.299805,4886.5,4451.740234,11899.599609,10640.910156,1234.180054,33693,10115.599609,863.84,6600.899902,3228.01001,3271.78,1083.03,1111.290039,4346.700195,14409.660156,26042
732525,5290.899902,4890.850098,4456.870117,11946.919922,10623.150391,1235.349976,33617,10068.900391,862.97,6609.399902,3234.050049,3272.27,1088.95,1115.97998,4337.600098,14582.5,26298
732526,5327.5,4932.870117,4503.330078,11940.200195,10683.740234,1244.119995,33931,10113.900391,870.87,6672.200195,3251.649902,3289.15,1104.04,1118.829956,4343.399902,14677.660156,26789
732527,5332.299805,4923.120117,4495.47998,11981.799805,10697.589844,1245.040039,33896,10149.700195,869.22,6658.100098,3269.73999,3314.52,1107.7,1117.109985,4326.299805,14615.959961,26714
732528,5315.5,4874.060059,4458.970215,11883.30957,10610.099609,1235.859985,33501,10074.299805,863.53,6617.299805,3256.459961,3297.53,1102.59,1111.390015,4328.5,14612.219727,26470
732529,5314.799805,4827.180176,4421.700195,11766.480469,10558.030273,1226.420044,33335,10045.400391,860.88,6607.700195,3249.449951,3277.63,1128.74,1089.359985,4333.100098,14463.139648,26518
732532,5344.299805,4837.859863,4441.009766,11778.980469,10536.929688,1223.130005,33547,10115.5,861,6634.299805,3253.560059,3310.5,1138.88,1086.640015,4365.200195,14596.769531,26711
732533,5363.700195,4909.47998,4491.689941,11900.320312,10615.669922,1231.380005,33753,10145.599609,863.67,6638.899902,3300.629883,3300.24,1152.53,1099.77002,4374.5,14673.339844,27291
732534,5377.5,4990.569824,4527.109863,12098.080078,10594.410156,1229.130005,34027,10229.200195,874.86,6689.200195,3314.810059,3323.66,1165.03,1104.859985,4384.799805,14702.580078,27117
732535,5358.600098,4953.930176,4509.100098,12263.320312,10685.889648,1237.810059,33922,10222.099609,870.16,6680.5,3302.51001,3309.62,1183.58,1123.77002,4423.899902,14768.950195,26633
732536,5345.799805,4937.330078,4476.47998,12261.679688,10600.30957,1230.390015,33783,10187.200195,866.86,6647.5,3286.699951,3277.73,1167.92,1130.219971,4431.899902,14673.219727,26951
732540,5322.399902,4883.810059,4444.569824,12315.669922,10513.450195,1219.339966,33600,10139.799805,865.51,6634.600098,3285.01001,3280.28,1177.28,1116.930054,4446.299805,14559.19043,27080
732541,5292.700195,4871.459961,4439.629883,12273.120117,10550.709961,1220.23999,33495,10094.099609,861.34,6631.399902,3279.300049,3278.25,1192.83,1113.25,4429.799805,14560.330078,27416
732542,5269.299805,4851.27002,4430.069824,12307.370117,10554.929688,1219.02002,33234,10037.900391,861.41,6596.399902,3252.830078,3304.83,1148.04,1092.709961,4410.200195,14619.980469,26900
732543,5312.600098,4929.910156,4487.899902,12291.730469,10559.230469,1219.709961,33724,10132.900391,866.47,6636.600098,3272.110107,3326.64,1150.18,1089.880005,4429.899902,14678.160156,26644
732546,5318.399902,4941.689941,4485.939941,12452.509766,10569.889648,1221.72998,33733,10174.799805,866.94,6623.299805,3270.909912,3316,1158.6,1116.680054,4462.700195,14770.269531,27261
732547,5300.200195,4917.740234,4436.560059,12472.929688,10519.580078,1217.589966,33428,10104.099609,859.25,6565.299805,3244.449951,3277.89,1149.96,1115.839966,4451.600098,14717.910156,26769
732548,5275.200195,4915.950195,4424.430176,12502.259766,10434.870117,1209.589966,33647,10078.900391,849.47,6537,3234.48999,3231.49,1167.14,1094.209961,4417,14603,26712
732549,5255.700195,4856.009766,4378.509766,12405.160156,10450.629883,1212.369995,33396,9983.200195,839.94,6485,3228.469971,3222.27,1172.47,1097.290039,4393.600098,14604.610352,27402
732550,5228.100098,4783.799805,4342.700195,12439.480469,10397.290039,1205.099976,33073,9904.799805,833.86,6445.399902,3205.129883,3221.84,1171.86,1086.550049,4419.100098,14444.839844,27095
732553,5228.100098,4812.240234,4361.27002,12309.830078,10463.049805,1212.280029,33207,9938.5,841.07,6463.700195,3206.679932,3186.35,1154.43,1063.160034,4368.5,14327.200195,27385
732554,5255.799805,4791.720215,4356.660156,12453.139648,10412.820312,1208.410034,33144,9922.299805,838.33,6473.200195,3211.23999,3205.99,1146.39,1072.609985,4407.399902,14008.200195,27604
732555,5296.899902,4829.689941,4399.359863,12413.599609,10481.599609,1220.329956,33520,10008.900391,849.51,6517.200195,3223.97998,3231.48,1162.8,1083.329956,4413.5,14243.19043,28045
732556,5328.5,4842.939941,4424.149902,12506.969727,10459.629883,1221.589966,33684,10134.099609,851.89,6553.600098,3228.5,3281,1184.93,1106.369995,4460.100098,14486.589844,27962
732557,5326.899902,4837.810059,4404.950195,12600,10447.370117,1218.02002,33667,10145,853.67,6532.100098,3221.810059,3288.64,1188.85,1115.829956,4435.899902,14772.700195,28319
732561,5359.200195,4968.279785,4472.549805,12599.429688,10589.240234,1233.390015,33987,10373.200195,860.39,6609.799805,3251.189941,3299.43,1173.32,1122.650024,4422.299805,15030.620117,28855
732563,5340.799805,4992.75,4465.939941,12533.889648,10595.929688,1231.670044,34166,10441.200195,860.78,6681.700195,3242.050049,3276.55,1194.41,1145.26001,4439.799805,15055.919922,28828
732564,5359.299805,5005.930176,4491.680176,12692.040039,10678.55957,1241.47998,34233,10486.599609,868.93,6703.600098,3249.370117,3259.4,1189.62,1152.5,4432.700195,15212.879883,29308
732567,5375.100098,4989.97998,4491.819824,12896.429688,10682.94043,1240.560059,34288,10494.700195,869.58,6727.200195,3261.929932,3247.6,1188.21,1158.359985,4437.5,15190.169922,29086
732568,5338,4901.879883,4453.410156,12901.950195,10597.44043,1231.199951,34074,10429.799805,869.2,6696.399902,3249.929932,3237.75,1207.16,1158.119995,4456.299805,15087.290039,28873
732569,5347.399902,4911.169922,4470.430176,12834.25,10544.900391,1227.160034,34320,10459.099609,873.03,6731.600098,3266.340088,3245.49,1217.26,1170.77002,4473.600098,15221.389648,29050
732570,5383.5,4905.97998,4479.390137,12986.780273,10558.75,1227.72998,34286,10475.700195,869.44,6752.799805,3265.47998,3264.37,1217.28,1169.589966,4466.399902,15428.780273,29366
732575,5416.399902,4962.859863,4531.799805,13148.570312,10481.519531,1221.339966,34555,10583.400391,872.68,6835.700195,3288.75,3243.59,1212.62,1190.930054,4527.200195,15563.469727,30059
732576,5369.700195,4875.220215,4468.060059,13196.570312,10378.030273,1210.199951,34419,10500.299805,864.05,6761,3284.620117,3211.04,1187.99,1196.670044,4501.799805,15734.410156,30837
732577,5385.700195,4849.009766,4448.149902,13159.360352,10422.049805,1214.619995,34179,10536.599609,867.9,6735.799805,3287.070068,3215.48,1159.96,1199.969971,4511.5,15661.129883,30678
732581,5453.100098,4998.160156,4566.919922,13392.629883,10443.629883,1215.630005,34692,10724.900391,882.83,6852.200195,3328.169922,3298.82,1155.04,1206.410034,4565.299805,15765.530273,31141
732582,5447.299805,4965.879883,4546.799805,13310.040039,10456.209961,1215.660034,34600,10678.5,882.77,6852,3320.73999,3310.22,1133.24,1209.630005,4576.700195,15801.80957,30875
732583,5494.799805,5048.740234,4599.629883,13435.910156,10473.089844,1216.890015,34871,10801.700195,890.36,6904.799805,3343.649902,3333.44,1131.77,1228.569946,4575.200195,15869.330078,31317
732584,5478.200195,5021.169922,4578.859863,13617.240234,10552.780273,1227.680054,34773,10780.599609,890.99,6860.399902,3324.570068,3348.09,1155.48,1231.219971,4617.399902,15841.839844,31209
732585,5477.700195,5044.120117,4600.02002,13574.299805,10568.700195,1228.810059,34775,10813.900391,896.29,6898.899902,3328.800049,3381.96,1155.61,1221.01001,4592.600098,16120.080078,31584
732589,5494.399902,5138.02002,4650.240234,13738.839844,10441.110352,1214.469971,34654,10919.200195,902.79,7042.299805,3373.830078,3390.2,1155.61,1242.780029,4591.5,15933.410156,31284
732590,5427.799805,5069.419922,4594.109863,13689.889648,10317.360352,1196.390015,34136,10823.099609,898.5,7026.399902,3363.290039,3385.53,1155.61,1227.400024,4496.799805,15720.349609,30164
732591,5372.399902,5017.27002,4536.899902,13359.509766,10287.099609,1191.48999,33867,10750.900391,889.51,6939.200195,3339.77002,3349.17,1155.61,1202.48999,4401.799805,15247.599609,29227
732592,5362.299805,5007.77002,4528.790039,13227.740234,10292.30957,1195.900024,33620,10732.400391,888.13,6947,3329.620117,3353.84,1155.61,1201.01001,4400.100098,15447.589844,29973
732596,5380.700195,5032.459961,4549.680176,13556.709961,10253.169922,1184.869995,33602,10810.200195,892.51,6965.700195,3338.179932,3379.58,1157.19,1244.27002,4392.299805,15445.370117,30614
732598,5265.200195,4950.069824,4470.129883,13449.240234,10216.589844,1176.839966,33066,10567.099609,873.94,6868.100098,3300.459961,3351.2,1152.61,1193.439941,4394.899902,14924.730469,29880
732599,5275,4975.560059,4482.129883,13420.540039,10287.339844,1186.569946,33214,10629.299805,876.33,6871.200195,3309.26001,3331.9,1139.55,1190.170044,4371.299805,14892.879883,29770
732602,5286.5,4978.830078,4489.209961,13400.290039,10348.099609,1190.099976,33219,10629.5,872.89,6883.399902,3291.959961,3340.63,1131.38,1176.359985,4389.899902,15282.730469,30242
732603,5263.899902,4947.180176,4461.140137,13352.240234,10285.259766,1178.140015,32859,10529.900391,870.06,6946,3289.449951,3340.9,1141.2,1186.219971,4422.5,15084.839844,29068
732604,5167.899902,4845.97998,4375.089844,13129.490234,10414.129883,1195.76001,32279,10402.5,856.5,6820.399902,3238.75,3276.81,1134.61,1153.130005,4345.899902,15111.950195,29297
732605,5164.100098,4864.25,4390.660156,13190.459961,10281.099609,1177.800049,32336,10382.299805,858.7,6885.399902,3255.47998,3266.41,1135.95,1162.22998,4345.100098,14821.099609,28344
732606,5142.100098,4838.399902,4366.52002,13199.950195,10215.219727,1179.589966,32454,10368.799805,854.6,6851.600098,3239.139893,3247.46,1141.32,1183.47998,4325.200195,14903.360352,29176
732609,5207.600098,4901.790039,4421.970215,13106.179688,10385,1199.380005,32778,10534.5,863.5,6911.799805,3266.080078,3267.05,1141.17,1184.599976,4317.299805,15356.320312,29835
732610,5182.100098,4872.970215,4396.990234,13280.620117,10377.870117,1196.540039,32664,10476.599609,870.78,6939.700195,3265.169922,3265.85,1121.92,1181.280029,4350.799805,15367.870117,29498
732611,5227.799805,4900.790039,4412.700195,13395.019531,10344.980469,1191.380005,32827,10473.400391,872.91,6972.399902,3265.219971,3262.08,1097.16,1179,4400.600098,15666.219727,29730
732612,5182.799805,4806.049805,4336.410156,13417.080078,10229.950195,1178.900024,32114,10328.599609,862.86,6919.600098,3233.399902,3269.5,1097.78,1166.359985,4389.200195,15437.629883,29133
732613,5213.399902,4825.640137,4326.709961,13346.540039,10402.769531,1198.410034,32183,10339.5,862.66,6874.899902,3224.310059,3269.5,1080.87,1140.719971,4340.5,15579.679688,29318
732616,5317.299805,4929.069824,4436.450195,13606.5,10440.070312,1207.01001,32782,10493.799805,882.63,7036.600098,3264.26001,3307.32,1092.82,1158.109985,4412.700195,15759.730469,30194
732617,5344.299805,4922.549805,4434.75,13867.860352,10406.769531,1202.76001,32742,10427.200195,885.81,7100.600098,3270.429932,3330.38,1089.95,1188.949951,4425,15922.519531,30900
732620,5423.600098,4995.240234,4498.700195,14075.959961,10530.759766,1220.140015,33337,10412.299805,896.62,7205,3305.889893,3415.08,1100.05,1221.97998,4468.299805,15900.530273,30888
732623,5460.799805,5024.200195,4503.649902,14061.599609,10586.230469,1222.810059,33454,10420.900391,901.61,7253.700195,3329.810059,3410.92,1100.65,1218.469971,4460.799805,15944.150391,30952
732624,5460.899902,5008.830078,4503.620117,14036.730469,10539.719727,1218.589966,33334,10440.200195,899.28,7257.5,3336.580078,3415.98,1110.15,1226.709961,4501.200195,15930.709961,30971
732625,5439.799805,5011.379883,4480.22998,14072.200195,10546.209961,1220.650024,33429,10456.299805,900.97,7238.5,3337.330078,3417.73,1108.15,1227.589966,4476.299805,15981.179688,30666
732626,5423.5,5015.549805,4479.5,14080.879883,10640.099609,1230.959961,33352,10438.400391,900.64,7243.100098,3362.26001,3391.42,1088.3,1234.430054,4492.299805,16153.080078,30725
732627,5465.100098,5090.75,4536.490234,14155.05957,10686.040039,1234.719971,33740,10510.299805,914.1,7351.299805,3390.540039,3422.36,1090.19,1256.119995,4516.799805,16137.070312,30511
732630,5470,5092.430176,4548.450195,14116.040039,10697.169922,1233.76001,33690,10504.599609,914.3,7313,3388.459961,3442.2,1088.65,1257.630005,4547.899902,16293.530273,30219
732632,5430,5081.459961,4512.129883,14170.870117,10674.759766,1231.209961,33684,10391.700195,912.46,7268.5,3363.719971,3440.18,1095.89,1267.160034,4560.200195,16310.679688,30482
732633,5460,5099.720215,4523.180176,14411.790039,10720.219727,1242.800049,33888,10445.200195,914.41,7329.899902,3363.610107,3486.52,1095.31,1269.349976,4570.100098,16455.390625,31087
732634,5498.899902,5123.5,4556.22998,14623.120117,10766.330078,1248.27002,34030,10527.099609,918.98,7431.399902,3370.659912,3509.2,1117,1272.25,4610.600098,16545.439453,31102
732637,5497.899902,5170.609863,4586.379883,14680.429688,10820.280273,1254.849976,34150,10535.099609,922.74,7452.299805,3386.669922,3482.08,1119.94,1268.800049,4598.200195,16767.070312,31110
732638,5517.200195,5174.720215,4580.810059,14708.320312,10871.429688,1261.22998,34203,10522.900391,916.84,7467.700195,3394.389893,3504.86,1098.66,1244.5,4569.5,16866.839844,31489
732641,5523.799805,5194.27002,4600.47998,14784.290039,10931.620117,1268.25,34436,10656.299805,919.65,7498.700195,3421.73999,3484.13,1114.92,1293.219971,4592.5,16879.369141,31920
732644,5477.399902,5176.589844,4575.310059,14986.94043,10890.719727,1257.459961,34256,10618.799805,921.8,7427.5,3413.699951,3501.21,1110.82,1293.73999,4610.200195,16836.109375,31358
732645,5491,5199.47998,4588.72998,14927.700195,10888.160156,1257.47998,34307,10620.099609,919.32,7440.700195,3406.030029,3496.87,1096.99,1279.380005,4585.299805,16694.949219,31652
732646,5423.200195,5193.399902,4567.410156,14872.150391,10805.870117,1249.47998,34090,10557.799805,911.16,7407.5,3394.139893,3441.64,1099.26,1297.439941,4583.600098,16830.960938,31917
732647,5486.100098,5266.549805,4636.459961,15130.5,10912.570312,1264.670044,34585,10678.700195,927.16,7536.899902,3432.669922,3480.87,1098.75,1305.97998,4532.299805,17133.830078,32617
732648,5528.100098,5307.990234,4662.5,15421.599609,10877.509766,1265.079956,34745,10649.799805,933.69,7589.299805,3458.899902,3499.77,1094.29,1310.119995,4573.799805,17150.990234,32832
732651,5510.399902,5266.859863,4650.540039,15551.30957,10835.009766,1262.089966,34650,10532.099609,926.98,7584.799805,3445.610107,3508.07,1079.2,1315.150024,4576.799805,17271.060547,32701
732652,5538.799805,5300.850098,4677.200195,15423.379883,10856.860352,1263.699951,34806,10539.299805,936.08,7612,3458.51001,3515.62,1087.79,1321.060059,4568.700195,17424.429688,33223
732653,5528.799805,5266.75,4660.580078,15484.660156,10810.910156,1257.369995,34790,10506.599609,936.78,7588.799805,3464.469971,3534.92,1099.61,1324.75,4576.299805,17244.189453,32757
732654,5531.100098,5286.75,4669.930176,15183.360352,10755.120117,1255.839966,34868,10495.799805,943.05,7560,3456.399902,3512.02,1098.32,1324.199951,4531.600098,17211.019531,32480
732655,5517.399902,5282.129883,4661.009766,15404.049805,10778.580078,1259.369995,34811,10489.299805,943.16,7567.399902,3448.050049,3512.82,1113.48,1317.420044,4534.799805,17554.480469,32922
732659,5507.200195,5310.279785,4693.399902,15778.860352,10823.719727,1267.430054,34972,10533.599609,942.78,7577.399902,3457.860107,3531.25,1117.85,1336.47998,4538.700195,17819.679688,33420
732660,5521.100098,5286.759766,4674.850098,15464.580078,10883.509766,1272.73999,35002,10502.400391,937.12,7516.299805,3462.629883,3555.91,1125.39,1334.27002,4567.299805,18054.029297,33629
732661,5495.299805,5295.819824,4673.140137,15254.44043,10881.669922,1270.939941,35021,10483.5,934.79,7458,3443.959961,3603.79,1123.56,1337.680054,4575.399902,17922.470703,33193
732662,5531.600098,5353.660156,4704.410156,15173.070312,10875.589844,1267.319946,35286,10555.299805,943.57,7491,3495.280029,3629.98,1127.51,1321.040039,4590.899902,17737.589844,33292
732665,5539.799805,5350.180176,4694.859863,15391.480469,10836.530273,1259.920044,35347,10528.299805,943.72,7532.899902,3501.310059,3626.87,1131.75,1339.400024,4600.799805,17666.410156,33005
732666,5547.899902,5356.600098,4703.47998,15641.259766,10805.549805,1259.619995,35538,10572.299805,943.73,7516.700195,3509.110107,3612.99,1136.34,1341,4616.700195,17680.949219,33067
732667,5587.399902,5397.22998,4752.410156,15957.570312,10833.730469,1262.790039,35803,10682.700195,949.27,7547.5,3542.129883,3610.7,1130.76,1354.160034,4659.899902,17781.509766,33517
732668,5597,5398.279785,4751.959961,15941.370117,10889.44043,1268.119995,35836,10701.299805,951.31,7515.200195,3544.469971,3579.75,1135.24,1350.869995,4652,17768.900391,33513
732674,5622.799805,5447.149902,4756.930176,16194.610352,10796.259766,1258.170044,35866,10769.5,961.12,7559.100098,3567.209961,3637.84,1157.03,1368.160034,4697.299805,17690.699219,33138
732675,5638.299805,5458.580078,4772.930176,16344.200195,10784.820312,1254.420044,35957,10778.099609,966.74,7620,3575.189941,3658.17,1169.86,1379.369995,4715.200195,17832.800781,33456
