Date,UK,Germany,France,Japan,DJI,SP500,Italy,Spain,Sweden,Switzerland,Belgium,Greece,China,Korea,Australia,Mexico,Brazil
733778,4579.600098,4983.990234,3359.919922,9043.120117,8952.889648,927.450012,20262,9644.099609,693.76,5756.100098,2004.319946,1862.32,1880.72,1173.569946,3638.899902,23238.859375,41519
733780,4507.5,4937.470215,3346.090088,9239.240234,8769.700195,906.650024,20606,9570,701.41,5761.700195,1997.910034,1920.73,1924.01,1228.170044,3728.199951,22117.509766,40820
733781,4505.399902,4879.910156,3324.330078,8876.419922,8742.459961,909.72998,20630,9469.5,695.95,5751.100098,1976.569946,1913.6,1878.18,1205.699951,3643.600098,21955.400391,41991
733782,4448.5,4783.890137,3299.5,8836.799805,8599.179688,890.349976,20093,9378.5,685.83,5697.200195,1973.949951,1892.29,1904.86,1180.959961,3680.399902,21741.289062,41583
733786,4399.200195,4636.939941,3197.889893,8413.910156,8448.55957,871.789978,19455,9057.299805,656.62,5534.299805,1963.02002,1844.43,1863.37,1167.709961,3593.899902,21047.300781,39544
733787,4180.600098,4422.350098,3052,8438.450195,8200.139648,842.619995,18763,8692.700195,622.59,5378.799805,1890.27002,1743.47,1928.87,1182.680054,3624.300049,20369.230469,37982
733788,4121.100098,4336.72998,2995.879883,8023.310059,8212.490234,843.73999,18402,8611.099609,620.32,5382.399902,1856.109985,1709.69,1920.21,1111.339966,3476.800049,20280.490234,39151
733789,4147.100098,4366.279785,3016.75,8230.150391,8281.219727,850.119995,18703,8620.099609,628.69,5435.5,1851.650024,1749.95,1954.44,1135.199951,3494.899902,20325.390625,39342
733793,4091.399902,4239.850098,2925.280029,8065.790039,7949.089844,805.219971,18024,8276.5,597.76,5321,1802.73999,1652.51,1994.11,1126.810059,3425,19213.019531,37272
733794,4059.899902,4261.149902,2905.570068,7901.640137,8228.099609,840.23999,17684,8230.700195,615.11,5304.200195,1794.969971,1702.73,1985.02,1103.609985,3394.800049,19497.099609,38543
733795,4052.199951,4219.419922,2869.620117,8051.740234,8122.799805,827.5,17369,8159.299805,608.73,5329.399902,1805.380005,1671.12,2004.95,1116.22998,3431.899902,19306.730469,37894
733796,4052.5,4178.939941,2849.139893,7745.25,8077.560059,831.950012,17283,8172.799805,604.12,5306.899902,1834.189941,1663.39,1990.66,1093.400024,3300.300049,19348.810547,38132
733801,4295.200195,4518.720215,3076.01001,8106.290039,8375.450195,874.090027,18341,8701.5,639.29,5417.899902,1925.47998,1748.61,1990.66,1157.97998,3435.100098,20145.220703,40227
733802,4190.100098,4428.109863,3009.75,8251.240234,8149.009766,845.140015,18092,8477.400391,616.1,5272.899902,1893.939941,1731.37,1990.66,1166.560059,3461.300049,19537.050781,39638
733803,4149.600098,4338.350098,2973.919922,7994.049805,8000.859863,825.880005,17934,8450.400391,617.38,5290,1900.089966,1779.47,1990.66,1162.109985,3478.100098,19565.140625,39301
733807,4164.5,4374.959961,2982.389893,7825.509766,8078.359863,838.51001,17669,8361.900391,622.737,5217.600098,1883.810059,1730.95,2060.81,1163.199951,3449.100098,19630.460938,39747
733808,4228.600098,4492.790039,3068.98999,8038.939941,7956.660156,832.22998,18015,8495.400391,644.715,5225.5,1906.48999,1744.05,2107.75,1195.369995,3382.300049,19622.599609,40129
733809,4228.899902,4510.490234,3066.290039,7949.649902,8063.069824,845.849976,18013,8440.200195,643.199,5106.899902,1907.219971,1715.57,2098.02,1177.880005,3372.600098,19736.960938,41109
733810,4291.899902,4644.629883,3122.790039,8076.620117,8280.589844,868.599976,18434,8544.700195,670.536,5123.100098,1916.880005,1761.69,2181.24,1210.26001,3407.5,20438.130859,42756
733813,4307.600098,4666.819824,3134.870117,7969.029785,8270.870117,869.890015,18663,8584.799805,688.419,5158.5,1927.25,1768.18,2224.71,1202.689941,3445.800049,20537.099609,42100
733814,4213.100098,4505.540039,3020.75,7945.939941,7888.879883,827.159973,18252,8397.299805,676.476,5144.700195,1884.26001,1763.08,2265.16,1198.869995,3428.600098,19825.720703,41207
733816,4202.200195,4407.560059,2964.340088,7705.359863,7932.759766,835.190002,17669,8200.900391,672.863,5106.700195,1843,1729.41,2248.09,1179.839966,3458.5,19358.25,40501
733817,4189.600098,4413.390137,2997.860107,7779.399902,7850.410156,826.840027,17731,8265.5,677.7,5126.799805,1832.23999,1727.98,2320.79,1192.439941,3496.699951,19368.099609,41674
733821,4034.100098,4216.600098,2875.22998,7645.509766,7552.600098,789.169983,16726,7843.200195,647.837,4941.299805,1783.22998,1603.8,2319.44,1127.189941,3412.199951,18853.929688,39847
733822,4006.800049,4204.959961,2874.070068,7534.439941,7555.629883,788.419983,16580,7861.399902,653.244,4955.5,1756.189941,1589.18,2209.86,1113.189941,3366.899902,18741.269531,39674
733823,4018.399902,4215.209961,2872.600098,7557.649902,7465.950195,778.940002,16501,7875.899902,662.447,4990.5,1783.199951,1615.06,2227.12,1107.099976,3398,18682.470703,39730
733824,3889.100098,4014.659912,2750.550049,7416.379883,7365.669922,770.049988,15530,7603.600098,636.144,4851.200195,1740.359985,1601.23,2261.48,1065.949951,3353,18324.230469,38715
733829,3849,3846.209961,2696.919922,7461.220215,7270.890137,764.900024,15218,7512.100098,617.403,4702.5,1681.130005,1521.49,2206.57,1067.079956,3281.5,18200.699219,38232
733830,3915.600098,3942.620117,2744.840088,7457.930176,7182.080078,752.830017,15664,7811.700195,643.936,4770.799805,1688.150024,1541.43,2121.25,1054.790039,3297.399902,18047.160156,38180
733831,3830.100098,3843.73999,2702.47998,7568.419922,7062.930176,735.090027,15282,7620.899902,640.385,4690.700195,1696.579956,1535.82,2082.85,1063.030029,3296.899902,17752.179688,38183
733834,3625.800049,3710.070068,2581.459961,7280.149902,6763.290039,700.820007,14362,7270.5,619.267,4438.299805,1610.560059,1535.82,2093.45,1018.809998,3203.800049,16929.800781,36235
733835,3512.100098,3690.719971,2554.550049,7229.720215,6726.02002,696.330017,14017,7219.399902,604.307,4358,1566.27002,1510.99,2071.43,1025.569946,3171.399902,17093.25,36468
733836,3645.899902,3890.939941,2675.679932,7290.959961,6875.839844,712.869995,14363,7357.5,630.227,4463.700195,1584.189941,1507.39,2198.11,1059.26001,3125.899902,17824.960938,38402
733837,3529.899902,3695.48999,2569.629883,7433.490234,6594.439941,682.549988,13523,7025.899902,608.983,4390.200195,1552.180054,1481.46,2221.08,1058.180054,3148.800049,17365.019531,37369
733838,3530.699951,3666.409912,2534.449951,7173.100098,6626.939941,683.380005,12895,6936.899902,607.451,4311.600098,1527.27002,1474.35,2193.01,1055.030029,3111.699951,17043.439453,37105
733841,3542.399902,3692.030029,2519.290039,7086.029785,6547.049805,676.530029,12621,6817.399902,615.551,4307.700195,1553.050049,1469.41,2118.75,1071.72998,3121.699951,16964.359375,36741
733842,3715.199951,3886.97998,2663.679932,7054.97998,6926.490234,719.599976,13503,7153.299805,650.607,4512.5,1616.51001,1551.28,2158.57,1092.199951,3143.199951,17543.519531,38795
733843,3693.800049,3914.100098,2674.199951,7376.120117,6930.399902,721.359985,13568,7204.700195,666.585,4577,1647.25,1538.17,2139.02,1127.51001,3199.100098,17790.689453,38805
733844,3712.100098,3956.219971,2694.25,7198.25,7170.060059,750.73999,13921,7340.5,667.651,4645.799805,1671.040039,1554.06,2133.88,1128.390015,3190.399902,18864.869141,39152
733845,3753.699951,3953.600098,2705.629883,7569.279785,7223.97998,756.549988,13804,7427.799805,659.307,4726.700195,1661.76001,1557.77,2128.85,1126.030029,3294.699951,19437.009766,39015
733849,3857.100098,3987.77002,2767.280029,7949.129883,7395.700195,778.119995,14082,7645.299805,664.046,4813.799805,1700.969971,1584.1,2218.33,1163.880005,3393.399902,19325.050781,39511
733850,3805,3996.320068,2760.340088,7972.169922,7486.580078,794.349976,14473,7661.600098,662.759,4783.299805,1698.430054,1578.63,2223.73,1169.949951,3386.199951,19620.480469,40142
733851,3816.899902,4043.459961,2776.98999,7945.959961,7400.799805,784.039978,14749,7701.600098,679.577,4794.600098,1689.640015,1622.88,2265.76,1161.810059,3416.800049,19596.509766,40453
733855,3952.800049,4176.370117,2869.570068,8215.530273,7775.859863,822.919983,15811,7952.299805,667.982,4931.100098,1754.02002,1689.55,2325.48,1199.5,3483.100098,20346.429688,42439
733856,3911.5,4187.359863,2874.389893,8488.299805,7659.970215,806.119995,15837,7989.5,654.117,4923.700195,1749.290039,1694.28,2338.42,1221.699951,3517.300049,20242.609375,41476
733857,3900.300049,4223.290039,2893.449951,8479.990234,7749.810059,813.880005,16263,8072.399902,665.764,4970.399902,1756.959961,1694.28,2291.55,1229.02002,3546.199951,20272.769531,41799
733858,3925.199951,4259.370117,2892.070068,8636.330078,7924.560059,832.859985,16483,8076.200195,667.027,4966.700195,1783.160034,1714,2361.7,1243.800049,3586.300049,20542.25,42589
733859,3898.899902,4203.549805,2840.620117,8626.969727,7776.180176,815.940002,16343,7927.600098,655.586,4872.299805,1751.560059,1671.8,2374.44,1237.51001,3615.600098,20315.169922,41907
733862,3762.899902,3989.22998,2719.340088,8236.080078,7522.02002,787.530029,15269,7601.100098,633.087,4745.799805,1700.439941,1629.68,2358.04,1197.459961,3554.199951,19530.150391,40653
733863,3926.100098,4084.76001,2807.340088,8109.529785,7608.919922,797.869995,15875,7815,653.045,4927.399902,1748.73999,1684.37,2373.21,1206.26001,3532.300049,19626.75,40926
733864,3955.600098,4131.069824,2839.610107,8351.910156,7761.600098,811.080017,16047,7961,679.51,5014.899902,1772.839966,1678.72,2408.02,1233.359985,3527.199951,19880.369141,41976
733865,4125,4381.919922,2992.060059,8719.780273,7978.080078,834.380005,16811,8334.700195,713.802,5178.5,1831.130005,1752.81,2425.29,1276.969971,3622.199951,20562.589844,43736
733866,4029.699951,4384.990234,2958.73999,8749.839844,8017.589844,842.5,16900,8319.900391,711.159,5043,1808.369995,1754.62,2419.78,1283.75,3674,20933.779297,44391
733869,3993.5,4349.810059,2929.75,8857.929688,7975.850098,835.47998,16690,8321.099609,709.568,5002.100098,1800.150024,1741.41,2419.78,1297.849976,3696.399902,20807.210938,44167
733870,3930.5,4322.5,2902.310059,8832.849609,7789.560059,815.549988,16561,8346,702.177,4974.200195,1765.51001,1729.27,2439.18,1300.099976,3648.5,20623.419922,43825
733871,3925.5,4357.919922,2921.060059,8595.009766,7837.109863,825.159973,16939,8404.700195,707.318,4999.799805,1770.660034,1807.11,2347.39,1262.069946,3567.5,20530.630859,44182
733877,3989,4557.009766,3000.219971,8842.679688,7920.180176,841.5,17816,8834.799805,744.16,5099.299805,1822.319946,1901,2527.18,1342.630005,3697.899902,21918.599609,45418
733878,3968.399902,4549.790039,2985.73999,8742.959961,8029.620117,852.059998,17811,8711.900391,729.628,5065.399902,1848.329956,1928.29,2536.06,1333.089966,3693.899902,21861.359375,45273
733879,4053,4609.459961,3038.179932,8755.259766,8125.430176,865.299988,18154,8874.5,745.55,5164,1873.869995,1973.25,2534.13,1336.719971,3725.600098,22189.199219,46025
733880,4092.800049,4676.839844,3091.959961,8907.580078,8131.330078,869.599976,18510,9030.900391,767.748,5192.600098,1923.459961,1973.25,2503.94,1329,3728.100098,22234.839844,45778
733883,3990.899902,4486.299805,2969.399902,8924.75,7841.72998,832.390015,17731,8718.200195,731.096,5065.200195,1856.689941,1973.25,2557.46,1336.390015,3722.600098,21587.490234,44433
733885,4030.699951,4594.419922,3025.23999,8727.299805,7886.569824,843.549988,18086,8834.099609,768.11,5063.700195,1903.890015,1894.56,2461.35,1356.02002,3627.199951,21480.009766,44888
733886,4018.199951,4538.209961,3008.620117,8847.009766,7957.060059,851.919983,18145,8769.200195,772.79,5023.899902,1905.369995,1905.92,2463.95,1368.800049,3695.800049,21829.330078,45801
733887,4156,4674.319824,3102.850098,8707.990234,8076.290039,866.22998,18651,8888.200195,779.16,5113,1955.819946,1926.54,2448.59,1354.099976,3668.199951,22582.169922,46772
733890,4167,4694.069824,3102.429932,8726.339844,8025,857.51001,18823,8777,782.652,5176,1934.02002,1925.81,2405.35,1339.829956,3690,21827.109375,45820
733891,4096.399902,4607.419922,3051.02002,8493.769531,8016.950195,855.159973,18498,8656.299805,751.28,5109.100098,1920.819946,1907.43,2401.44,1300.23999,3671.699951,21662.529297,45821
733893,4243.700195,4769.450195,3159.850098,8828.259766,8168.120117,872.809998,19177,9038,763.887,5225.899902,1953.349976,2053.74,2477.57,1369.359985,3744.699951,21898.849609,47290
733900,4398.700195,4804.100098,3251.52002,9385.700195,8409.849609,907.390015,19814,9228.900391,792.468,5325.600098,2073.540039,2141.23,2597.45,1401.079956,3912.100098,23589.400391,50058
733901,4462.100098,4913.899902,3312.590088,9432.830078,8574.650391,929.22998,20509,9408.099609,802.032,5391,2126.22998,2151.4,2625.65,1412.130005,3919.600098,24085.580078,51396
733904,4435.5,4866.910156,3248.669922,9451.980469,8418.769531,909.23999,20200,9316.799805,783.385,5358.899902,2085.679932,2159.61,2579.75,1415.160034,3910.5,23943.019531,50976
733905,4425.5,4854.109863,3231.100098,9298.610352,8469.110352,908.349976,20337,9269,769.339,5346,2049.449951,2204.11,2618.17,1403.51001,3863.600098,23696.490234,50326
733906,4331.399902,4727.609863,3152.899902,9340.490234,8284.889648,883.919983,19381,9000.599609,748.1,5277.399902,2016.369995,2136.46,2663.77,1414.52002,3842.5,23155.009766,48679
733907,4362.600098,4738.470215,3156.290039,9093.730469,8331.320312,893.070007,19271,8984.200195,757.66,5360,1978.369995,2124.03,2639.89,1380.949951,3710.800049,23405.929688,49446
733908,4348.100098,4737.5,3169.050049,9265.019531,8268.639648,882.880005,19548,8978.599609,764.771,5350.700195,2005.329956,2146.15,2645.26,1391.72998,3758.899902,23341.720703,49007
733911,4446.5,4851.959961,3245.389893,9038.69043,8504.080078,909.710022,19953,9159.299805,779.886,5435.100098,2049.669922,2171.26,2652.78,1386.680054,3721.600098,23935.490234,51463
733912,4482.299805,4959.620117,3274.959961,9290.290039,8474.849609,908.130005,20172,9341.599609,789.188,5498.799805,2078.75,2253.73,2676.68,1428.209961,3800.600098,24344.619141,51347
733913,4468.399902,5038.939941,3303.370117,9344.639648,8422.040039,903.469971,20525,9389.400391,783.716,5509.299805,2107.97998,2309.79,2651.41,1435.699951,3808.899902,24399.599609,51245
733914,4345.5,4900.669922,3217.409912,9264.150391,8292.129883,888.330017,19883,9225.299805,783.716,5509.299805,2056.370117,2251,2610.62,1421.650024,3804.699951,23821.259766,50087
733915,4365.299805,4918.75,3227.969971,9225.80957,8277.320312,887,20007,9308.599609,769.404,5409.299805,2064.639893,2280.15,2597.6,1403.75,3755.399902,24093.240234,50568
733919,4411.700195,4985.600098,3270.090088,9310.80957,8473.490234,910.330017,20297,9405.700195,773.7,5431.299805,2065.590088,2234.81,2588.57,1372.040039,3781.600098,24640.080078,51841
733920,4416.200195,5000.77002,3294.860107,9438.769531,8300.019531,893.059998,20312,9510.799805,773.684,5419.399902,2084.52002,2294.82,2632.93,1362.02002,3795.300049,24507.810547,51792
733921,4387.5,4932.879883,3263.699951,9451.389648,8403.799805,906.830017,20150,9435.5,771.822,5350.600098,2063.649902,2309.08,2632.93,1392.170044,3753.899902,24659.240234,53041
733922,4417.899902,4940.819824,3277.649902,9522.5,8500.330078,919.140015,19884,9424.299805,776.501,5349.700195,2071.370117,2327.47,2632.93,1395.890015,3813.300049,24331.710938,53198
733925,4506.200195,5142.560059,3379.48999,9677.75,8721.44043,942.869995,20511.7,9630.900391,801.57,5349.700195,2091.610107,2417.01,2721.28,1415.099976,3887.899902,25105.630859,54486
733926,4477,5144.060059,3378.040039,9704.30957,8740.870117,944.73999,20523.7,9664.799805,795.252,5432.200195,2084.899902,2427.45,2724.3,1412.849976,3948.100098,25183.830078,54000
733927,4383.399902,5054.529785,3309.649902,9741.669922,8675.240234,931.76001,20117.7,9464.799805,770.61,5384.700195,2066.540039,2408.75,2778.59,1414.890015,4009.300049,24651.320312,52087
733928,4386.899902,5064.799805,3312.030029,9668.959961,8750.240234,942.460022,20129.4,9454.599609,768.572,5422.200195,2063.02002,2338.9,2767.24,1378.140015,3932.5,24748.029297,53464
733929,4438.600098,5077.029785,3339.050049,9768.009766,8763.129883,940.090027,20170.1,9519,770.481,5398.899902,2071.389893,2372.26,2753.89,1394.709961,3969,24913.009766,53341
733933,4404.799805,4997.859863,3296.72998,9786.820312,8763.05957,942.429993,20070.6,9497.700195,769.671,5388.700195,2056.610107,2319.69,2787.89,1371.839966,3933.600098,25107.429688,53157
733934,4436.799805,5051.180176,3315.27002,9991.490234,8739.019531,939.150024,20299,9627.599609,787.111,5436.399902,2064.320068,2376.11,2816.25,1414.880005,4016.300049,25183.720703,53411
733936,4442,5069.240234,3326.139893,10135.820312,8799.259766,946.210022,20384.2,9714.400391,799.652,5521.799805,2070.189941,2401.57,2743.76,1428.589966,4061.5,25460.019531,53558
733939,4326,4889.939941,3219.580078,10039.669922,8612.129883,923.719971,19770.5,9518.700195,784.492,5400.100098,2008.97998,2390.45,2789.55,1412.420044,4030.399902,24899.689453,52034
733940,4328.600098,4890.720215,3213.949951,9752.879883,8504.669922,911.969971,19589.6,9497.900391,789.22,5377.100098,1995.589966,2279.96,2776.02,1399.150024,3957.899902,24224.830078,51206
733941,4278.5,4799.97998,3161.139893,9840.849609,8497.179688,910.710022,19023.1,9283.200195,773.991,5302.299805,1964.640015,2162.34,2810.12,1391.170044,3904.199951,24150.939453,51046
733942,4280.899902,4837.47998,3194.060059,9703.719727,8555.599609,918.369995,19233.8,9384,778.094,5376.799805,1980.829956,2182.07,2853.9,1375.76001,3887.399902,24340.650391,50903
733943,4345.899902,4839.459961,3221.27002,9786.259766,8539.730469,921.22998,19348,9580.900391,778.094,5421.600098,1997.709961,2233.9,2880.49,1383.339966,3894.399902,24274.720703,51374
733946,4234.100098,4693.399902,3123.25,9826.269531,8339.009766,893.039978,18541.3,9338.5,754.517,5310.399902,1948.420044,2143.37,2896.3,1399.709961,3910.800049,23314.679688,49495
733947,4230,4707.149902,3116.820068,9549.610352,8322.910156,895.099976,18464.1,9348.700195,753.937,5321.299805,1966.430054,2167.25,2892.7,1360.540039,3793,23496.390625,49814
733948,4280,4836.009766,3184.76001,9590.320312,8299.860352,900.940002,19040.6,9617.599609,783.479,5443.399902,2016.349976,2199.11,2922.3,1363.790039,3802.199951,23711.240234,49672
733949,4252.600098,4800.560059,3163.100098,9796.080078,8472.400391,920.26001,18940.6,9667.200195,779.119,5361.299805,2015.680054,2177.03,2925.05,1392.72998,3851.5,24245.710938,51515
733950,4241,4776.470215,3129.72998,9877.389648,8438.389648,918.900024,18831.5,9686.900391,786.819,5376,2013.319946,2162.65,2928.21,1394.530029,3899.5,24458.230469,51486
733953,4294,4885.089844,3193.679932,9783.469727,8529.379883,927.22998,19096.2,9845.700195,804.328,5443.5,2037.73999,2166.86,2975.31,1388.449951,3882.699951,24473.529297,52138
733954,4249.200195,4808.640137,3140.439941,9958.44043,8447,919.320007,19063.1,9787.799805,795.796,5404,2030.97998,2209.99,2959.36,1390.069946,3947.800049,24368.380859,51465
733955,4340.700195,4905.439941,3217,9939.929688,8504.05957,923.330017,19443.2,9903.700195,813.701,5472.899902,2073.97998,2236.98,3008.15,1411.660034,3872.300049,24524.009766,51544
733956,4234.299805,4718.490234,3116.409912,9876.150391,8280.740234,896.419983,18928.7,9643.5,792.454,5355.200195,2038.050049,2217.58,3060.25,1411.47998,3875.199951,24051.460938,51025
733960,4194.899902,4651.819824,3082.159912,9680.870117,8324.870117,898.719971,18558.5,9569,783.337,5354.100098,2009.97998,2187.02,3124.67,1428.939941,3784.199951,23742.490234,50622
733961,4187,4598.189941,3048.570068,9647.790039,8163.600098,881.030029,18321.3,9520,784.564,5329.200195,1994.810059,2202.83,3089.45,1434.199951,3767.800049,23359.939453,49457
733962,4140.200195,4572.649902,3009.709961,9420.75,8178.410156,879.559998,17947.4,9360.599609,777.477,5289.399902,1960.599976,2163.22,3080.77,1431.02002,3766,23468.980469,49178
733964,4127.200195,4576.310059,2983.100098,9287.280273,8146.52002,879.130005,17837,9344.900391,774.123,5237.799805,1964.23999,2106.13,3113.93,1428.619995,3790.600098,23656.259766,49221
733967,4202.100098,4722.339844,3052.080078,9050.330078,8331.679688,901.049988,18217.5,9567.400391,785.988,5315.299805,1993.589966,2103.67,3080.56,1378.119995,3738,23951.960938,49187
733968,4237.700195,4781.689941,3081.870117,9261.80957,8359.490234,905.840027,18450.5,9634,794.299,5365,2025.709961,2169.34,3145.16,1385.560059,3858.800049,24340.650391,48873
733969,4346.5,4928.439941,3171.27002,9269.25,8616.209961,932.679993,19130,9905.299805,820.93,5473.299805,2082.290039,2185.47,3188.55,1420.859985,3917.5,25336.330078,51297
733970,4361.799805,4957.189941,3199.679932,9344.160156,8711.820312,940.73999,19232.9,9997.599609,823.333,5538.600098,2084.550049,2213.49,3183.74,1432.219971,3987.800049,25735.560547,51918
733971,4388.799805,4978.399902,3218.459961,9395.320312,8743.94043,940.380005,19282.6,10041.900391,842.154,5594.100098,2083.110107,2230.44,3189.74,1440.099976,3992.899902,25741.960938,52072
733975,4481.200195,5093.970215,3302.889893,9652.019531,8915.94043,954.580017,19830.3,10122.200195,852.263,5636.200195,2111.159912,2271.07,3213.21,1488.98999,4048.300049,26004.019531,53234
733976,4493.700195,5121.560059,3305.070068,9723.160156,8881.259766,954.070007,19925.7,10153.400391,852.901,5637,2125.659912,2270.94,3296.61,1494.040039,4068.899902,26288.210938,53073
733977,4559.799805,5247.279785,3373.719971,9792.94043,9069.290039,976.289978,20242.3,10369.799805,871.894,5765.5,2140.850098,2295.26,3328.49,1496.48999,4072.600098,26805.419922,54249
733978,4576.600098,5229.359863,3366.449951,9944.549805,9093.240234,979.26001,20161.2,10438.599609,870.981,5760.899902,2135.429932,2331.32,3372.6,1502.589966,4097.299805,26646.369141,54457
733981,4586.100098,5251.549805,3372.360107,10088.660156,9108.509766,982.179993,20346.1,10591.700195,854.62,5774.899902,2136.919922,2344.04,3435.21,1524.050049,4147.799805,26815.300781,54549
733982,4528.799805,5174.740234,3330.969971,10087.259766,9096.719727,979.619995,20012.3,10664,852.505,5762.799805,2108.780029,2286.15,3438.37,1526.030029,4174,26850.75,54472
733983,4547.5,5270.319824,3365.620117,10113.240234,9070.719727,975.150024,20282,10661.599609,858.054,5787.200195,2120.370117,2276.18,3266.43,1524.319946,4148.899902,26516.5,53735
733984,4631.600098,5360.660156,3435.48999,10165.209961,9154.459961,986.75,20818.6,10874.400391,879.198,5932.600098,2155.090088,2353.09,3321.56,1534.73999,4195.899902,26810.269531,54478
733985,4608.399902,5332.140137,3426.27002,10356.830078,9171.610352,987.47998,20575.5,10855.099609,882.047,5950.700195,2169.139893,2362.35,3412.06,1557.290039,4249.5,27043.5,54766
733988,4682.5,5426.850098,3477.800049,10352.469727,9286.55957,1002.630005,20914.4,10901,895.138,5967.399902,2177.77002,2423.96,3462.59,1564.97998,4270.5,27692.480469,55998
733989,4671.399902,5417.02002,3476.370117,10375.009766,9320.19043,1005.650024,20966.9,10876.799805,879.447,5939.799805,2185.070068,2434.02,3471.44,1566.369995,4313.899902,27869.919922,56038
733990,4647.100098,5353.009766,3458.530029,10252.530273,9280.969727,1002.719971,20962.5,10704.400391,874.455,5911.899902,2173.27002,2390.24,3428.5,1559.469971,4272.200195,28082.630859,56384
733991,4690.5,5369.97998,3477.830078,10388.089844,9256.259766,997.080017,21128.7,10776,873.885,5968.100098,2226.5,2401.07,3356.33,1565.040039,4331,27802.410156,55755
733992,4731.600098,5458.959961,3521.139893,10412.089844,9370.070312,1010.47998,21402.2,10947.599609,892.19,6026.399902,2252.669922,2380.58,3260.69,1576,4303.100098,28179.550781,56330
733995,4722.200195,5418.120117,3504.540039,10524.259766,9337.950195,1007.099976,21576.6,10923,883.136,6007.5,2294.439941,2339.66,3249.76,1576.109985,4309.200195,28305.320312,56830
733996,4671.299805,5285.810059,3456.179932,10585.459961,9241.450195,994.349976,21268.5,10831.900391,864.027,5950,2262.399902,2276.47,3264.73,1579.209961,4334.399902,27800.800781,55761
733997,4716.799805,5350.089844,3507.23999,10435,9361.610352,1005.809998,21546.4,10933.799805,876.712,5962.5,2273.340088,2295.65,3112.72,1565.349976,4345.899902,28096.019531,56588
733998,4755.5,5401.109863,3524.389893,10517.19043,9398.19043,1012.72998,21827.2,11046.799805,888.872,5986.700195,2279.590088,2322.77,3140.56,1564.640015,4436.700195,28155.490234,57048
733999,4714,5309.109863,3495.27002,10597.330078,9321.400391,1004.090027,21552.4,10901.900391,876.743,5985.299805,2274.23999,2341.42,3046.97,1591.410034,4465.100098,27855.429688,56638
734002,4645,5201.609863,3419.689941,10268.610352,9135.339844,979.72998,20962.4,10598.5,858.147,5883.700195,2229.850098,2309.63,2870.63,1547.060059,4398.100098,27299.580078,55218
734003,4685.799805,5250.740234,3450.689941,10284.959961,9217.94043,989.669983,21247.8,10708.299805,873.103,5953.799805,2260.639893,2333.29,2910.88,1550.23999,4385.899902,27544.320312,55749
734004,4689.700195,5231.97998,3450.340088,10204,9279.160156,996.460022,21132.2,10695.5,869.235,5980.799805,2263.26001,2350.31,2785.58,1545.959961,4387.5,27598.369141,56156
734005,4756.600098,5311.060059,3505.320068,10383.410156,9350.049805,1007.369995,21394.4,10892.5,886.455,6032,2309.209961,2399.4,2911.58,1576.390015,4391.399902,27944.240234,56831
734006,4850.899902,5462.740234,3615.810059,10238.200195,9505.959961,1026.130005,21896.5,11161,913.843,6139.799805,2354.649902,2479.85,2960.77,1580.97998,4305.700195,28308.960938,57729
734009,4896.200195,5519.75,3652.169922,10581.049805,9509.280273,1025.569946,22354.9,11303.799805,921.634,6194.399902,2395.26001,2483.26,2993.43,1612.219971,4434.200195,28004.269531,57775
734010,4916.799805,5557.089844,3680.610107,10497.360352,9539.290039,1028,22473.8,11427.799805,916.063,6200.899902,2414.800049,2505.74,2915.8,1601.380005,4417.5,28005.460938,57421
734011,4890.600098,5521.970215,3668.340088,10639.709961,9543.519531,1028.119995,22554.7,11376.400391,902.793,6177,2400.149902,2545.67,2967.59,1614.119995,4464.399902,28212.849609,57766
734012,4869.399902,5470.330078,3648.530029,10473.969727,9580.629883,1030.97998,22474.8,11356.900391,901.952,6169.200195,2375.850098,2544.45,2946.4,1599.329956,4458.100098,28437.259766,57704
734013,4908.899902,5517.350098,3693.139893,10534.139648,9544.200195,1028.930054,22672.5,11442.700195,919.914,6211.600098,2393.659912,2540.4,2860.69,1607.939941,4495.899902,28599.919922,57701
734016,4908.899902,5458.040039,3653.540039,10492.530273,9496.280273,1020.619995,22420.4,11365.099609,904.844,6217.100098,2364.949951,2466.41,2667.75,1591.849976,4484.100098,28129.949219,56489
734017,4819.700195,5327.290039,3583.439941,10530.05957,9310.599609,998.039978,21966.2,11173,888.503,6128.200195,2332.159912,2509.52,2683.72,1623.060059,4511.299805,27749.160156,55815
734018,4817.600098,5319.839844,3573.129883,10280.459961,9280.669922,994.75,21773.6,10999.700195,873.352,6089.200195,2290.719971,2477.98,2714.97,1613.160034,4436.600098,27953.339844,55386
734019,4796.799805,5301.419922,3553.51001,10214.639648,9344.610352,1003.23999,21936.6,11018.099609,879.284,6073.700195,2322.820068,2414.21,2845.02,1613.530029,4432.899902,28150.089844,55707
734020,4851.700195,5384.430176,3598.76001,10187.110352,9441.269531,1016.400024,22214.6,11222.700195,891.388,6119.100098,2356.169922,2425.23,2861.61,1608.900024,4442.700195,28309.550781,56652
734024,4947.299805,5481.72998,3660.959961,10393.230469,9497.339844,1025.390015,22542.9,11366.599609,905.681,6194.700195,2421.949951,2511.81,2930.48,1619.689941,4527.799805,29190.820312,57855
734025,5004.299805,5574.259766,3707.689941,10312.139648,9547.219727,1033.369995,22802,11462,921.48,6202,2446.639893,2534.57,2946.26,1607.77002,4527.100098,29100.050781,57910
734026,4987.700195,5594.77002,3705.870117,10513.669922,9627.480469,1044.140015,22849.9,11340.799805,916.528,6208.399902,2450.76001,2510.56,2924.88,1644.680054,4573.5,29318.419922,58536
734027,5011.5,5624.02002,3734.889893,10444.330078,9605.410156,1042.72998,23039.3,11452.599609,918.187,6233,2458.719971,2527.11,2989.79,1651.699951,4596.299805,29448.789062,58366
734030,5018.899902,5620.240234,3730.610107,10202.05957,9626.799805,1049.339966,23029.3,11492.599609,914.308,6225.600098,2438.23999,2468,3026.74,1634.910034,4536.100098,29383.189453,58868
734031,5042.100098,5628.97998,3752.209961,10217.620117,9683.410156,1052.630005,23108.1,11593.299805,913.068,6213.200195,2469.830078,2531.94,3033.73,1653.400024,4547.200195,29625.019531,59264
734033,5164,5731.140137,3835.27002,10443.799805,9783.919922,1065.48999,23583,11771,923.825,6317.700195,2504.199951,2547.47,3060.26,1695.469971,4714,30017.720703,60236
734034,5172.899902,5703.830078,3827.840088,10370.540039,9820.200195,1068.300049,23484,11777.299805,920.226,6325.100098,2499.449951,2555.37,2962.67,1699.709961,4693.700195,29942,60703
734040,5079.299805,5605.209961,3758.360107,10544.219727,9707.44043,1050.780029,22953.4,11695.900391,901.872,6275.399902,2470.899902,2609.25,2853.55,1693.880005,4707.899902,28465.109375,60046
734041,5082.200195,5581.410156,3739.139893,10265.980469,9665.19043,1044.380005,23102.7,11643.799805,899.87,6236.899902,2462.439941,2611.56,2838.84,1691.47998,4714.799805,28759.980469,60356
734044,5165.700195,5736.310059,3825,10009.519531,9789.360352,1062.97998,23478.4,11891.200195,913.546,6289.299805,2490.189941,2652.03,2763.52,1675.550049,4676.899902,29401.990234,61317
734045,5159.700195,5713.52002,3814.100098,10100.200195,9742.200195,1060.609985,23565.6,11853.700195,902.816,6316.700195,2490.780029,2667.62,2754.54,1690.050049,4747.200195,29432.009766,61235
734046,5133.899902,5675.160156,3795.409912,10133.230469,9712.280273,1057.079956,23472.7,11756.099609,896.755,6323.200195,2485.620117,2661.42,2779.43,1673.140015,4739.299805,29232.240234,61518
734047,5047.799805,5554.549805,3720.77002,9978.639648,9509.280273,1029.849976,23053.5,11518.200195,878.333,6255.200195,2451.370117,2648.05,2779.43,1644.630005,4702,28588.259766,60459
734051,5024.299805,5508.850098,3675.01001,9674.490234,9599.75,1040.459961,22830.8,11557,876.425,6162.899902,2446,2581.07,2779.43,1606.900024,4579.299805,29214.400391,62369
734052,5138,5657.640137,3770.209961,9691.799805,9731.25,1054.719971,23459.6,11817.099609,891.881,6277.200195,2526.870117,2678.5,2779.43,1598.439941,4597.200195,29690.480469,62671
734053,5108.899902,5640.75,3756.409912,9799.599609,9725.580078,1057.579956,23414.3,11721.400391,885.433,6260.100098,2507.219971,2692.42,2779.43,1598,4695.899902,29763.369141,62638
734054,5154.600098,5716.540039,3806.810059,9832.469727,9786.870117,1065.47998,23663.7,11814.299805,895.354,6305.799805,2542.280029,2738.74,2779.43,1615.459961,4763.299805,29898.849609,63760
734055,5161.899902,5711.879883,3799.610107,10016.389648,9864.94043,1071.48999,23770.6,11743.200195,899.699,6291.600098,2547.01001,2753.23,2911.72,1646.790039,4754.5,30039.710938,64071
734059,5154.200195,5714.310059,3801.389893,10076.55957,9871.05957,1073.189941,23928.8,11608.299805,903.027,6321.299805,2532.02002,2807.89,2936.19,1628.930054,4789.799805,30611.099609,64646
734060,5256.100098,5854.140137,3882.669922,10060.209961,10015.860352,1092.02002,24348.2,11870.900391,928.589,6405.899902,2584.290039,2896.91,2970.53,1649.089966,4834,30881.099609,66201
734061,5223,5830.77002,3883.830078,10238.650391,10062.94043,1096.560059,24339.8,11849.700195,927.054,6383.200195,2584.389893,2894.15,2979.79,1658.98999,4862.5,31017.730469,66703
734062,5190.200195,5743.390137,3827.600098,10257.55957,9995.910156,1087.680054,24152.3,11676.400391,927.76,6345.299805,2578.139893,2830.01,2976.63,1640.359985,4842.600098,30726.300781,66200
734065,5281.5,5852.560059,3892.360107,10236.509766,10092.19043,1097.910034,24426,11885.299805,941.665,6436.399902,2606.929932,2864.63,3038.27,1649.069946,4801.799805,30927.109375,67239
734066,5243.399902,5811.77002,3871.449951,10336.839844,10041.480469,1091.060059,24228.1,11790.200195,942.67,6427.299805,2584.590088,2892.82,3084.45,1659.150024,4852.799805,31000.939453,65303
734067,5257.899902,5833.490234,3873.219971,10333.389648,9949.360352,1081.400024,24175.9,11875.200195,940.217,6434.700195,2578.030029,2855.07,3070.59,1653.859985,4846.200195,30889.050781,65486
734068,5207.399902,5762.930176,3820.850098,10267.169922,10081.30957,1092.910034,23813.4,11828.599609,927.473,6405.899902,2556.550049,2811.26,3051.41,1630.329956,4818.799805,30761.759766,66135
734069,5242.600098,5740.25,3808.23999,10282.990234,9972.179688,1079.599976,23420.6,11739.799805,932.291,6378.100098,2547.340088,2838.13,3107.85,1640.170044,4859.700195,30617.679688,65059
734072,5191.700195,5642.160156,3744.449951,10362.620117,9867.959961,1066.949951,23001.6,11622.599609,918.236,6303.399902,2493.25,2781.13,3109.57,1657.109985,4832.600098,30280.080078,65086
734073,5201,5635.02002,3743.949951,10212.459961,9882.169922,1063.410034,22829.5,11634,929.537,6368,2443.040039,2711.96,3021.46,1649.530029,4755,29312.839844,63161
734074,5080.399902,5496.27002,3663.780029,10075.049805,9762.69043,1042.630005,22315.6,11429.799805,924.272,6279.899902,2371.959961,2711.96,3031.33,1609.709961,4687.299805,28670.900391,60162
734075,5137.700195,5587.450195,3714.02002,9891.099609,9962.580078,1066.109985,22772.6,11683.400391,939.819,6351.299805,2440.449951,2669.63,2960.47,1585.849976,4575.200195,29247.830078,63721
734076,5044.600098,5414.959961,3607.689941,10034.740234,9712.730469,1036.189941,22060.3,11414.799805,944.675,6285.799805,2392.719971,2686.21,2995.85,1580.689941,4646.899902,28646.029297,61546
734081,5107.899902,5444.22998,3670.330078,9844.30957,9802.139648,1046.5,22385.7,11387.700195,937.42,6267.100098,2401.169922,2652.65,3128.54,1579.930054,4547.600098,29430.509766,63913
734082,5125.600098,5480.919922,3708.72998,9717.44043,10005.959961,1066.630005,22582.2,11548.900391,944.224,6285.200195,2419.080078,2683.57,3155.05,1552.23999,4519.200195,29735.339844,64816
734083,5142.700195,5488.25,3707.290039,9789.349609,10023.419922,1069.300049,22549.6,11580.599609,941.476,6293.600098,2431.709961,2701.42,3164.04,1572.459961,4604.399902,29868.619141,64466
734086,5235.200195,5619.720215,3785.48999,9808.990234,10226.94043,1093.079956,23065.9,11816.799805,960.463,6385.100098,2484.300049,2688.49,3175.58,1576.790039,4686.5,30646.240234,66214
734087,5230.600098,5613.200195,3785.590088,9870.730469,10246.969727,1093.01001,23013.7,11814,957.983,6369.100098,2465.350098,2652.68,3178.61,1582.300049,4744,30788.199219,66303
734088,5266.799805,5668.350098,3814.389893,9871.679688,10291.259766,1098.51001,23266.6,11801.400391,964.546,6374.700195,2477.97998,2659.4,3175.19,1594.819946,4765.899902,31097.640625,66431
734089,5276.5,5663.959961,3808.070068,9804.490234,10197.469727,1087.23999,23209.5,11834.5,970.358,6355.799805,2480.929932,2620.44,3172.95,1572.72998,4758.200195,30759.849609,64448
734090,5296.399902,5686.830078,3806.01001,9770.30957,10270.469727,1093.47998,23284.2,11867,967.44,6351.100098,2506.469971,2588.71,3187.65,1571.98999,4722.600098,31002.089844,65326
734094,5345.899902,5778.430176,3829.060059,9729.929688,10437.419922,1110.319946,23381.2,11959.400391,964.525,6376.399902,2527.050049,2502.27,3282.89,1585.97998,4750.200195,31400.199219,67406
734095,5342.100098,5787.609863,3828.159912,9676.799805,10426.30957,1109.800049,23334.7,12034.400391,965.876,6369,2525.439941,2528.95,3303.23,1603.969971,4759.600098,31056.619141,66516
734101,5324,5769.310059,3784.620117,9401.580078,10433.709961,1105.650024,22708.4,11905.200195,965.544,6397.5,2502.939941,2428.54,3223.53,1606.420044,4708.200195,30961.990234,67317
734102,5364.799805,5803.02002,3809.159912,9441.639648,10464.400391,1110.630005,22741.8,11965.799805,971.417,6422.200195,2503.530029,2372.61,3290.17,1611.880005,4741,31364.039062,67917
734104,5245.700195,5685.609863,3721.449951,9081.519531,10309.919922,1091.48999,22205.3,11776.799805,952.532,6336.700195,2456.820068,2257.43,3096.26,1524.5,4597.200195,30775.449219,67082
734107,5190.700195,5625.950195,3680.149902,9345.549805,10344.839844,1095.630005,21928.2,11644.700195,936.191,6261,2421.290039,2263.27,3195.3,1555.599976,4715.5,30957.109375,67044
734108,5312.200195,5776.609863,3775.73999,9572.200195,10471.580078,1108.859985,22556.1,11862.099609,953.878,6372.100098,2490.060059,2425.09,3235.36,1569.719971,4733.100098,31750.580078,68546
734109,5327.399902,5781.680176,3795.919922,9608.94043,10452.679688,1109.23999,22572.9,11868.799805,957.102,6386.5,2516.620117,2433.24,3269.75,1591.630005,4776.700195,32111.789062,68615
734110,5313,5770.350098,3799.110107,9977.669922,10366.150391,1099.920044,22615.9,11905.299805,954.642,6444.100098,2525.139893,2366.86,3264.63,1615,4789.299805,31967.429688,68315
734111,5322.399902,5817.649902,3846.620117,10022.589844,10388.900391,1105.97998,22926,12032.200195,966.967,6501.200195,2538.840088,2383.62,3317.04,1624.76001,4721.200195,32105.390625,67604
734114,5310.700195,5784.75,3840.050049,10167.599609,10390.110352,1103.25,22788.5,12011.799805,966.14,6470.600098,2533.860107,2318.64,3331.9,1632.650024,4695.200195,32085.169922,68512
734115,5223.100098,5688.580078,3785.300049,10140.469727,10285.969727,1091.939941,22404.3,11808.900391,953.476,6399.700195,2509.47998,2178.7,3296.66,1627.780029,4686.399902,31710.390625,67729
734116,5203.899902,5647.839844,3757.389893,10004.719727,10337.049805,1095.949951,22236.2,11541.200195,944.948,6351.700195,2470.550049,2105.48,3239.57,1634.170044,4652.600098,31670.210938,68012
734117,5244.399902,5709.02002,3798.379883,9862.820312,10405.830078,1102.349976,22385.7,11594.700195,947.326,6410.600098,2483.590088,2214,3254.26,1652.72998,4622.899902,31916.599609,68728
734118,5261.600098,5756.290039,3803.719971,10107.870117,10471.5,1106.410034,22411.5,11616,949.835,6411.600098,2487.379883,2160.68,3247.32,1656.900024,4651.399902,31901.689453,69267
734121,5315.299805,5802.259766,3830.439941,10105.679688,10501.049805,1114.109985,22652.3,11705.900391,956.254,6433.100098,2506.860107,2216.94,3302.9,1664.77002,4668.200195,32009.880859,69349
734122,5285.799805,5811.339844,3834.090088,10083.480469,10452,1107.930054,22617.2,11735.5,949.073,6439.399902,2508.76001,2169.98,3274.46,1665.849976,4687.799805,31902.599609,69311
734123,5320.299805,5903.430176,3875.820068,10177.410156,10441.120117,1109.180054,22889.6,11863.200195,959.597,6532.299805,2527.669922,2222.14,3255.21,1664.23999,4676.100098,31956.25,68622
734124,5217.600098,5844.439941,3830.820068,10163.799805,10308.259766,1096.079956,22677.7,11696.900391,946.582,6489.200195,2490.689941,2195.35,3179.08,1647.839966,4689.600098,31948.410156,67068
734125,5196.799805,5831.209961,3794.439941,10142.049805,10328.889648,1102.469971,22472.4,11645,936.034,6464.299805,2453.060059,2168.43,3113.89,1647.040039,4671.899902,31834.070312,66794
734128,5294,5930.529785,3872.060059,10183.469727,10414.139648,1114.050049,22738.7,11830.799805,948.376,6504.399902,2482.610107,2118.6,3122.97,1644.22998,4659.5,31799.230469,65925
734129,5328.700195,5945.689941,3898.379883,10378.030273,10464.929688,1118.02002,22982.6,11890.799805,961.884,6582.899902,2489.100098,2213.47,3050.52,1655.540039,4724.399902,32240.320312,67418
734136,5437.600098,6011.549805,3959.97998,10638.05957,10545.410156,1126.199951,23376.2,12035.099609,965.796,6608.5,2525.929932,2196.03,3211.76,1672.47998,4856.700195,32626.289062,68296
734137,5397.899902,5957.430176,3935.5,10546.44043,10548.509766,1126.420044,23248.4,11940,951.719,6545.899902,2510.659912,2194.49,3262.6,1682.77002,4847,32448.740234,68588
