Date,UK,Germany,France,Japan,DJI,SP500,Italy,Spain,Sweden,Switzerland,Belgium,Greece,China,Korea,Australia,Mexico,Brazil
731588,3957.399902,3112.77002,3160.98999,8656.5,8740.589844,922.929993,24487,6349.299805,518.66,4887,2029.280029,1769.18,1332.06,652.200012,3043.199951,6279.279785,11876
731589,3924.800049,2993,3094.090088,8517.799805,8595.30957,909.929993,24199,6377.200195,504.78,4882.299805,1984.719971,1726.33,1372.07,651.719971,3042.399902,6266.47998,11786
731590,3934,3037.679932,3152.290039,8497.929688,8776.179688,927.570007,24521,6433,508.27,4857.899902,2003.349976,1721.94,1397.38,630.400024,3035.600098,6329.959961,11912
731591,3974.100098,3037.330078,3160.129883,8470.450195,8784.889648,927.570007,24414,6438.899902,514.67,4854.200195,1984.5,1703.79,1384.86,628.359985,3035,6353.029785,12243
731595,3945.600098,3098.719971,3174.030029,8553.05957,8842.620117,931.659973,24531,6589.200195,526.01,4965.299805,2009.76001,1715.91,1466.85,650.049988,3049,6407,12175
731596,3887.800049,3049.399902,3134.659912,8611.75,8723.179688,918.219971,24282,6566.799805,521.32,4860,2011.280029,1720.79,1459.92,648.289978,3049.600098,6398.899902,11971
731597,3881.800049,3054.110107,3142.590088,8609.169922,8697.870117,914.599976,24338,6610.600098,521.44,4829.200195,1990.579956,1726.76,1485.62,648.690002,3030.300049,6331.990234,11952
731598,3820.600098,2918.820068,3056.929932,8690.25,8586.740234,901.780029,23521,6458.200195,509.61,4753.600098,1959.52002,1689.59,1478.68,636.460022,3024.699951,6204.459961,11676
731602,3736.699951,2870.570068,2992.389893,8708.580078,8442.900391,887.619995,22845,6346.299805,508.64,4650.600098,1925.869995,1672.14,1454.89,632.859985,3024.100098,6092.129883,11435
731603,3678,2803.25,2931.379883,8611.040039,8318.730469,878.359985,22496,6249.700195,500.38,4520.200195,1885.680054,1669.69,1460.53,622.48999,2999.100098,6024.089844,11142
731604,3622.199951,2811.219971,2917.969971,8790.919922,8369.469727,887.340027,22425,6310.200195,497.97,4528.299805,1880.800049,1697.06,1450.62,625.179993,2997.800049,6054.439941,11162
731605,3603.699951,2717.820068,2898.600098,8731.650391,8131.009766,861.400024,22181,6268.899902,494.18,4477.399902,1873.069946,1720.99,1479.07,609.429993,3000.100098,6012.560059,10784
731609,3490,2671.360107,2800.070068,8525.389648,8088.839844,858.539978,21752,5955.399902,469.16,4303.5,1827.650024,1669.97,1500.64,600.559998,2940.5,5919.700195,10517
731610,3483.800049,2706.570068,2840.050049,8331.080078,8110.709961,864.359985,22000,5941,466.82,4332.200195,1809.619995,1665.66,1499.81,583.349976,2929.899902,5937.970215,10863
731611,3578.699951,2693.780029,2914.129883,8316.80957,7945.129883,844.609985,22425,6019.600098,479.68,4409,1835.650024,1671.13,1499.81,591.859985,2943,5870.509766,10751
731615,3689.399902,2751.98999,2957.790039,8500.790039,8109.819824,860.320007,22754,6017.200195,481.8,4471.899902,1880,1677.52,1499.81,600.409973,2920.5,6031.810059,10910
731616,3590.100098,2632.97998,2863.5,8484.900391,8013.290039,848.200012,22079,5872.899902,464,4354.299805,1838.430054,1667.19,1499.81,603.780029,2926.100098,5968.459961,10577
731618,3597,2649,2836.179932,8484.19043,7929.299805,838.150024,22215,5885.600098,474.25,4257.299805,1810.709961,1653.05,1499.81,589.5,2868.199951,5894.27002,10566
731619,3599.199951,2569.340088,2796.659912,8448.160156,7864.22998,829.690002,22235,5809.299805,466.97,4222.799805,1781.300049,1674.2,1499.81,577.47998,2886.100098,5866.029785,10381
731622,3579.100098,2586.090088,2772.26001,8484.929688,7920.109863,835.969971,22061,5787.600098,456.53,4155,1755.119995,1672.58,1480.17,577.25,2870.199951,5837.890137,10480
731624,3616.100098,2571.25,2770.620117,8664.169922,7758.169922,818.679993,22486,5840.200195,473.17,4152.200195,1765.339966,1677.32,1510.67,583.289978,2867.100098,5763.870117,10510
731625,3610.800049,2555.27002,2758.649902,8599.660156,7749.870117,817.369995,22452,5817.600098,474.3,4159.299805,1744.280029,1676.05,1504.34,575.669983,2820.5,5791.390137,10108
731626,3611.899902,2674.459961,2827.75,8701.919922,7908.799805,834.890015,22806,5972.799805,479.38,4273,1777.75,1679.43,1510.95,575.23999,2804.399902,5774.390137,10081
731630,3729.5,2740.139893,2938.629883,8692.969727,8041.149902,851.169983,23457,6165,499.17,4325.399902,1830.319946,1693.78,1496.47,603.450012,2828.899902,5880.009766,10450
731631,3658.300049,2624.649902,2859.189941,8678.44043,8000.600098,845.130005,22937,6036.799805,491.29,4210.899902,1802.619995,1693.44,1510.8,600.830017,2849.899902,5857.350098,10252
731632,3687.300049,2591.26001,2804.48999,8650.919922,7914.959961,837.099976,22859,5989.299805,479.98,4214,1784.119995,1692.97,1509.49,605.51001,2806.5,5880.899902,10217
731633,3727.100098,2648.870117,2829.830078,8513.540039,8018.109863,848.169983,23264,6043.200195,478.19,4228.700195,1773.130005,1680.46,1478.87,603.599976,2804.399902,5956.970215,10331
731636,3701.800049,2571.350098,2785.610107,8564.950195,7858.240234,832.580017,23325,5952.100098,474.47,4181.299805,1722.949951,1663.52,1481.94,616.289978,2837.300049,5913.680176,10254
731637,3621.5,2485.5,2683.370117,8360.490234,7909.5,838.570007,22735,5803.200195,461.46,4095.800049,1670.189941,1623.34,1511.28,592.25,2780.5,5869.209961,10192
731638,3593.300049,2450.199951,2658.570068,8356.80957,7806.97998,827.549988,22647,5782,459.1,4052,1627.949951,1617.37,1513.18,590.26001,2804.199951,5869.790039,9995
731639,3569.899902,2513.219971,2715.800049,8359.379883,7884.990234,837.280029,23150,5887.700195,464,4083.699951,1630.650024,1613.58,1513.7,582.460022,2774.699951,5900.02002,10126
731640,3655.600098,2547.050049,2754.070068,8363.040039,7891.080078,841.150024,23279,5999.399902,469.97,4148.200195,1671.959961,1614.06,1511.93,575.429993,2778.399902,5927.060059,10281
731645,3563.5,2498.02002,2655.070068,8472.620117,7775.600098,829.849976,22440,5879.799805,459.64,3966.199951,1608.089966,1564.49,1517.18,560.26001,2749.699951,5914.410156,10306
731646,3555.399902,2437.51001,2634.530029,8369.150391,7673.990234,822.099976,21830,5816.899902,457.71,3962.600098,1578.540039,1567.63,1498.34,555.330017,2747,5913.919922,10615
731647,3491.600098,2431.659912,2574.909912,8144.120117,7740.029785,828.890015,21488,5716.5,452.03,3880.300049,1530.160034,1540.74,1493.09,546.02002,2715,5907.930176,10724
731650,3436.100098,2329.040039,2513.610107,8042.259766,7568.180176,807.47998,21019,5569.399902,446,3732.100098,1491.869995,1540.74,1468.92,544.23999,2711.100098,5859.77002,10309
731651,3452.699951,2305.300049,2493.419922,7862.430176,7524.060059,800.72998,21022,5606.399902,440.82,3718.899902,1463.410034,1501.9,1469.55,532.530029,2691.699951,5821.100098,10340
731652,3287,2202.959961,2403.040039,7943.040039,7552.069824,804.190002,20324,5452.399902,432.36,3675.399902,1426.589966,1477.91,1475.01,531.809998,2687.100098,5809.970215,10577
731653,3486.899902,2354.310059,2554.709961,7868.560059,7821.75,831.900024,21132,5670.700195,450.74,3793.300049,1566.160034,1506.43,1464.65,531.780029,2673.300049,5931.959961,10783
731654,3601.800049,2403.189941,2740.01001,8002.689941,7859.709961,833.27002,21920,5904.899902,465.77,4015.399902,1679.469971,1513.88,1466.04,537.650024,2724.199951,5993.009766,10817
731657,3722.300049,2487.120117,2831.72998,7871.640137,8141.919922,862.789978,22452,6064.5,484,4130.5,1731.689941,1488.49,1469.27,515.23999,2711,6009.919922,10875
731658,3747.300049,2584.610107,2794.889893,7954.459961,8194.230469,866.450012,22208,6089.600098,485.22,4165.799805,1684.119995,1538.15,1459.89,537.309998,2804.399902,6042.759766,11151
731659,3765.399902,2615.219971,2837.679932,8051.040039,8265.450195,874.02002,22542,6171.299805,490.4,4261.799805,1706.439941,1543.29,1469.96,541.780029,2814.699951,6017.430176,11006
731660,3765.699951,2604.850098,2794.830078,8195.049805,8286.599609,875.669983,22237,6102.100098,494.14,4285.200195,1700.650024,1538.89,1464.54,568.460022,2835.800049,6048.410156,11159
731664,3743.300049,2548.370117,2726.850098,8435.070312,8214.679688,864.22998,22205,6005,489.38,4230.700195,1688.51001,1549.21,1477.77,569.849976,2828.5,5924.339844,11053
731665,3762,2636.100098,2795.790039,8238.759766,8280.230469,874.73999,22589,6123.799805,489.3,4263.600098,1704.369995,1549.21,1462.4,554.97998,2822.199951,5937.990234,11232
731666,3793.100098,2579.330078,2787.560059,8351.919922,8229.879883,869.950012,22574,6142.799805,486.82,4247.100098,1719.359985,1551.8,1456.27,554.789978,2858.399902,5952.379883,11206
731667,3729.100098,2584.050049,2722.840088,8368.669922,8201.450195,868.52002,22196,6022.399902,478.9,4194.5,1683.949951,1539.4,1499.35,549.26001,2855,5951.339844,11233
731668,3708.5,2520.840088,2733,8280.160156,8145.77002,863.5,22301,6029.200195,475.39,4207.600098,1681.160034,1517.94,1491.94,556.330017,2861.199951,5947.47998,11396
731671,3613.300049,2423.870117,2618.459961,7972.709961,7992.129883,848.179993,21605,5870.5,457.78,4085.600098,1635.219971,1467.3,1510.58,535.700012,2848.600098,5914.029785,11274
731672,3684.800049,2450.189941,2635.040039,7986.720215,8069.859863,858.47998,21803,5953.200195,461.69,4135.5,1650.589966,1474.65,1522.55,538.559998,2844.199951,5895.759766,11592
731673,3753.399902,2589.350098,2743.879883,8069.850098,8285.05957,880.900024,22476,6174.5,480.45,4272.100098,1718.22998,1507.39,1521.32,542.919983,2847.399902,6008.509766,11872
731674,3771.100098,2569.810059,2788.689941,8017.75,8240.379883,876.450012,22728,6238,480.86,4327.200195,1750.939941,1518.02,1511.73,545.23999,2874.100098,6034.740234,12006
731675,3814.399902,2654.070068,2837.959961,8074.120117,8277.150391,878.849976,22767,6324.100098,482.89,4386.200195,1788.839966,1541.12,1521.13,558.01001,2896.300049,6158.970215,12066
731678,3935.800049,2808.939941,2935.679932,8249.980469,8300.410156,879.929993,23364,6454.200195,503,4490.700195,1857.280029,1579.3,1515.13,585.900024,2941.600098,6257.129883,12136
731679,3868.800049,2767.790039,2893.51001,8131.410156,8298.919922,878.289978,23360,6397.299805,493.71,4465,1820.170044,1566.51,1520.55,587.320007,2940.600098,6259.459961,11779
731680,3861.399902,2734.100098,2888.030029,8057.609863,8197.94043,865.98999,23245,6468.5,492.43,4472.799805,1826.829956,1579.62,1543.67,569.469971,2915.699951,6212.140137,11759
731681,3803.300049,2697.100098,2808.580078,7980.120117,8221.330078,871.580017,23045,6407.799805,483.12,4374.200195,1804.869995,1583.78,1551.18,577.72998,2904.699951,6154.02002,11591
731682,3808.100098,2733.949951,2838.139893,7816.490234,8203.410156,868.299988,23177,6442.299805,483.48,4448.100098,1816.609985,1603.79,1576.86,582.969971,2908.300049,6175.220215,11719
731685,3849.399902,2776.780029,2874.97998,7752.100098,8351.099609,885.22998,23255,6488.600098,483.87,4493.399902,1840.459961,1624.05,1616.07,594.400024,2905.5,6232.740234,11874
731686,3916.899902,2834.120117,2921.52002,7838.830078,8402.360352,890.809998,23479,6560.799805,495.6,4605.299805,1891.140015,1629.04,1631.47,604.98999,2932.399902,6333.589844,12106
731687,3854.899902,2824.679932,2895.159912,7879.490234,8257.610352,879.909973,23289,6503.100098,493.93,4556.700195,1886.449951,1622.54,1606.24,621.340027,2944.399902,6306.600098,12043
731693,3917.699951,2960.959961,2914.600098,7790.459961,8484.990234,911.369995,23711,6577.600098,497.98,4531.299805,1889.920044,1641.09,1568.69,603.320007,2942.199951,6373.910156,12452
731694,3966.5,2974.399902,2962.669922,7793.379883,8515.660156,919.02002,23953,6587.399902,503.67,4586.899902,1917.609985,1673.5,1541.96,598.090027,2964,6385.109863,12394
731695,3899,2891.620117,2903.040039,7854.569824,8440.040039,911.429993,23787,6526.899902,503.47,4519.100098,1870.089966,1663.77,1503.59,588.349976,2961.699951,6379.439941,12120
731699,3940.300049,2953.919922,2949.570068,7607.879883,8471.610352,914.840027,23914,6607.799805,513.59,4556.5,1868.150024,1663.77,1537.69,569.02002,2934.699951,6428.200195,12462
731701,3926,2942.040039,2953.669922,7831.419922,8480.089844,916.919983,23887,6489.5,521.92,4542.700195,1871.839966,1691.52,1521.44,599.349976,2970.899902,6509.879883,12557
731703,3952.600098,2986,2963.120117,7907.189941,8582.679688,930.080017,23918,6456.399902,519.29,4516.299805,1866.449951,1720.75,1521.44,597.440002,2941,6590.919922,12810
731707,4006.399902,3066.949951,3057.560059,8083.560059,8588.360352,934.390015,24411,6568.700195,525.78,4640.5,1923.040039,1768.27,1521.44,604.330017,2937.5,6614.680176,12644
731708,3992.899902,3005.639893,3023.959961,8109.77002,8560.629883,929.619995,24343,6429,515.33,4630.5,1940.369995,1781.95,1521.44,618.080017,2944.199951,6575.290039,12956
731710,3969.399902,2956.590088,2967.889893,8152.160156,8604.599609,933.409973,24023,6387.799805,513.44,4510.5,1921.959961,1712.71,1521.44,619.109985,2928.199951,6488.490234,13214
731713,3987.399902,2937.26001,2962.629883,8221.120117,8726.730469,945.109985,23987,6395,515.81,4479.700195,1930.810059,1704.88,1531.87,631.039978,2945.5,6496.430176,13320
731714,3999.899902,2909.949951,2963.629883,8190.259766,8679.25,942.299988,23955,6376,524,4538.600098,1920.209961,1732.44,1485.31,614.070007,2952.100098,6491.890137,13421
731715,3975,2926.030029,2961.830078,8244.910156,8647.820312,939.280029,24023,6363.399902,519.78,4546.600098,1930.310059,1742.04,1522.92,609.969971,2943,6549.790039,13459
731716,4011.100098,2989.379883,2995.97998,8123.399902,8713.139648,946.669983,24287,6413.799805,520.01,4560.600098,1930.599976,1733.28,1555.29,619.349976,2931,6633.509766,13130
731717,4049,2989.080078,2994.870117,8117.290039,8678.969727,944.299988,24316,6481.5,518.45,4594.799805,1960.880005,1750.97,1554.45,610.809998,2924.399902,6556.910156,13225
731720,3941.300049,2850.679932,2867.290039,8039.129883,8493.389648,920.77002,23491,6279.600098,504.75,4489.399902,1891.920044,1734.94,1555.45,596.359985,2922.5,6469.180176,12746
731721,3971.600098,2838.929932,2877.26001,8059.47998,8491.360352,919.72998,23516,6298.100098,499.48,4514.399902,1908.819946,1732.42,1535.52,602.080017,2908.5,6388.490234,12745
731722,3936.399902,2827.25,2881.199951,8018.509766,8516.429688,923.419983,23323,6198.899902,492.31,4450.600098,1877.810059,1708.26,1533.48,600.570007,2914.899902,6410.819824,13034
731723,3990.5,2865.209961,2903.27002,8051.660156,8594.019531,931.869995,23730,6317.899902,497.34,4570.700195,1898.380005,1700.09,1546.11,595.380005,2935.699951,6510.890137,13101
731724,3979.800049,2822.830078,2897.159912,8184.759766,8601.379883,933.219971,23843,6346.200195,498.95,4574,1900.609985,1690.93,1560.95,611.51001,2966.300049,6586.919922,13143
731728,3992.399902,2873.600098,2891.469971,8120.240234,8781.349609,951.47998,24184,6363.600098,502.35,4566.799805,1898.01001,1675.01,1568.34,614.299988,2950.800049,6650.310059,13246
731729,4071.899902,2919.540039,2949.610107,8234.179688,8793.120117,953.219971,24572,6472.899902,512.94,4664.799805,1909.390015,1708.08,1551.81,628.359985,2976.100098,6667.350098,13294
731731,4048.100098,2982.679932,2991.75,8424.509766,8850.259766,963.590027,24946,6508.5,514.46,4630.799805,1925.640015,1707.54,1576.26,633.419983,2979.800049,6699.180176,13422
731734,4129.299805,3064.560059,3048.320068,8547.169922,8897.80957,967,25197,6595.399902,518.52,4754.799805,1944.959961,1768.85,1576.53,648.710022,3004.300049,6722.240234,13229
731735,4115.700195,3026.820068,3039.409912,8564.490234,8922.950195,971.559998,24909,6562.899902,511.85,4713.100098,1947.569946,1779.98,1562.24,636.940002,2991.899902,6738.970215,13350
731736,4126.600098,3080.02002,3063.850098,8557.860352,9038.980469,986.23999,24982,6637.700195,516.96,4748.5,1964.630005,1839.69,1574.11,640.27002,2996.600098,6889.759766,13718
731737,4104.299805,3039.76001,3034.070068,8657.230469,9041.299805,990.140015,24897,6591.100098,517.03,4706.600098,1954.969971,1832.08,1556.25,642.380005,3008,6873.390137,13780
731742,4113,3140.340088,3083.850098,8789.089844,9054.889648,984.840027,25031,6696.799805,527.05,4788.899902,1976.939941,1863.47,1538.76,649.75,3023.300049,6924.990234,13894
731743,4150.200195,3178.149902,3121.899902,8890.299805,9183.219727,997.47998,25234,6791.200195,533.76,4840.299805,1994,1896.58,1565.84,651.289978,3036.899902,6979.680176,13877
731744,4161.299805,3219.469971,3152.159912,8918.599609,9196.549805,998.51001,25348,6849.100098,539.04,4880.200195,1995.810059,1928.19,1562.11,657.950012,3050.199951,7060.5,13983
731745,4134.100098,3168.709961,3108.939941,8980.639648,9117.120117,988.609985,25160,6857.200195,529.43,4795.100098,1948.02002,1910.6,1566.77,665.23999,3053.399902,6984.629883,13734
731748,4152.899902,3264.5,3174.48999,8839.830078,9318.959961,1010.73999,25531,6960.899902,534.85,4900.399902,1967.52002,1910.6,1559.7,657.820007,3056.300049,7019.490234,13833
731749,4190.399902,3286.47998,3200.75,9033,9323.019531,1011.659973,25634,6977.100098,541.58,4950.799805,1970.709961,1954.96,1557.18,674.659973,3077,7130.22998,13777
731750,4207,3304.149902,3213.929932,9092.969727,9293.799805,1010.090027,25853,7015.799805,545.21,4992.5,1980.969971,1950.44,1553.88,675.75,3057.699951,7125.410156,13511
731752,4160.100098,3238.97998,3190.110107,9120.389648,9200.75,995.690002,25753,7081.600098,539.15,4936.799805,1971.780029,1905.83,1529.47,686.219971,3055.199951,7080.689941,13131
731755,4087.899902,3186.389893,3119.23999,9137.139648,9072.950195,981.640015,25082,6919.700195,531.68,4825.899902,1951.310059,1887.62,1511.36,674.590027,3059,7015.080078,12991
731756,4060.899902,3217.340088,3103.340088,8919.259766,9109.849609,983.450012,25224,6871.399902,525.09,4829,1929.619995,1881.27,1512.43,664.01001,3035.199951,7114.399902,13108
731757,4067.899902,3198.820068,3108.699951,8932.259766,9011.530273,975.320007,25334,6941.299805,527.96,4832.100098,1941.459961,1906.51,1502.08,674.030029,3031.899902,7078.359863,13026
731758,4041.699951,3241.219971,3103.459961,8923.410156,9079.040039,985.820007,25143,6944.600098,528.68,4847.799805,1930.390015,1906.45,1515.38,675.75,2997,7118.470215,13112
731759,4067.800049,3224.659912,3109.02002,9104.05957,8989.049805,976.219971,25124,6970.100098,536.54,4847.899902,1940.660034,1901.48,1497.05,677.280029,3018,7083.450195,13024
731762,4031.199951,3220.580078,3084.100098,9083.110352,8985.44043,974.5,24677,6862,531.46,4813.700195,1939.77002,1892.04,1486.02,669.929993,2998.899902,7054.990234,12973
731763,3963.899902,3146.550049,3013,9278.490234,9040.950195,982.320007,24197,6739.100098,522.32,4700.799805,1899.859985,1867.79,1484.7,674.75,3009.199951,7123.540039,13291
731764,4006.899902,3241.040039,3079.070068,9592.240234,9142.839844,993.75,24404,6830.899902,529.86,4789.799805,1931.380005,1945.97,1499.68,685.799988,3003.399902,7164.02002,13310
731765,4024.800049,3241.919922,3092.090088,9624.799805,9070.209961,985.700012,24311,6795.299805,537.95,4826,1927.280029,1952.13,1504.44,686.830017,3017.100098,7127.419922,13134
731769,4074.800049,3332.870117,3182.189941,9795.160156,9216.790039,1004.419983,25019,6944.600098,551.94,4933,1966.699951,2015.66,1501.48,704.289978,3005.399902,7215.029785,13402
731770,4073.600098,3344.459961,3177.969971,9898.719727,9223.089844,1007.840027,25060,6965.700195,550.17,4912,1977.150024,2006.71,1512.02,708.340027,3013.600098,7234.939941,13619
731772,4028.800049,3269.840088,3098.280029,9955.620117,9036.040039,988.700012,24716,6838.5,540.83,4859.200195,1948.969971,1990.98,1531.93,700.51001,3022.699951,7096.040039,13501
731773,4058.100098,3326.51001,3138.27002,9635.349609,9119.589844,998.140015,24960,6968.600098,544.16,4914,1975.949951,1977.66,1528.85,704.150024,3022.800049,7083.819824,13321
731776,4127.600098,3396.070068,3190.22998,9755.629883,9177.150391,1003.859985,25219,7046,553.67,4982.5,2000.02002,2041.99,1521.41,720.099976,3053.399902,7167.540039,13588
731777,4102.5,3384.689941,3179.330078,9751,9128.969727,1000.419983,25192,7000,554.53,4957.5,1991.719971,2078.12,1525.44,713.450012,3061,7120.310059,13614
731778,4077.100098,3387.639893,3150.719971,9735.969727,9094.589844,994.090027,25097,6932.799805,549.91,4940.100098,1971.609985,2085.41,1529.49,716.47998,3075.199951,7023.939941,13487
731780,4073.199951,3366.709961,3129.209961,9527.730469,9188.150391,993.320007,25060,6900.399902,552.67,4910.200195,1981.52002,2085.49,1507.16,699.349976,3064.899902,7030.759766,13794
731784,4079.800049,3318.149902,3092.620117,9485.969727,9158.450195,988.109985,24885,6862.399902,549.49,4871.299805,1973.050049,2077.48,1498.48,699.700012,3048.5,7164.290039,13835
731785,4086.5,3304.47998,3089.409912,9615.339844,9194.240234,988.609985,24804,6868,546.73,4903.700195,1966.089966,2076.69,1502.15,695.73999,3068.100098,7280.649902,13799
731786,4149.600098,3374.820068,3156.860107,9671,9112.509766,981.599976,25053,6981.100098,555.66,4970.600098,1984.969971,2079.57,1493.45,702.940002,3073,7309.410156,13761
731787,4131.200195,3356.889893,3109.320068,9648.009766,9284.570312,998.679993,24826,6903.799805,552.78,4946,1976.77002,2064.52,1477.65,705.090027,3081.300049,7349.959961,13750
731790,4148.799805,3417.77002,3164.929932,9839.910156,9266.509766,996.52002,25080,6996.700195,562.67,5006,1994.77002,2061.62,1470.39,717.799988,3103.100098,7314.220215,13643
731791,4137,3428.120117,3142.389893,9834.30957,9204.459961,989.280029,24819,6924,560.4,4992.600098,1987.280029,2095.77,1477.3,722.330017,3093,7233.200195,13623
731792,4141.200195,3429.030029,3172.51001,9632.660156,9200.049805,987.48999,24880,6984.299805,564.86,5043.600098,1999.699951,2146.77,1479.65,714.150024,3076.899902,7260.200195,13475
731793,4157,3487.860107,3210.27002,9563.209961,9233.799805,990.309998,25131,7061.700195,571.01,5079.100098,2023.26001,2158.64,1476.74,713.52002,3106.699951,7355.069824,13572
731794,4098.399902,3438.889893,3169.629883,9611.669922,9153.969727,980.150024,24919,6995.399902,568.51,5044.799805,2020.130005,2175.19,1476.97,727.26001,3126,7320.410156,13130
731797,4100.100098,3405.310059,3142,9452.790039,9186.040039,982.820007,24758,6945,567.72,4990,2017.040039,2190.9,1494.36,718.539978,3115.800049,7344.430176,12939
731798,4121,3438.360107,3187.610107,9382.580078,9036.320312,965.460022,24841,6991.299805,570.62,5046.100098,2031.180054,2182,1494.31,721.840027,3123.399902,7273.450195,13059
731799,4070.399902,3375.659912,3126.149902,9323.910156,9061.740234,967.080017,24582,6924.299805,558.44,4997.799805,2008.140015,2154.58,1486.25,707.880005,3118.600098,7230.069824,12888
731800,4095.600098,3331.889893,3130.560059,9265.55957,9126.450195,974.119995,24599,6900.299805,555.74,4985.5,2020.380005,2132.87,1487.37,709.809998,3124.5,7304.669922,13328
731801,4147.799805,3332.23999,3165.48999,9327.530273,9191.089844,977.590027,24765,6930.799805,557.87,5004.700195,2026.890015,2147.14,1471.27,704.140015,3135.699951,7316.689941,13500
731804,4176.700195,3339.580078,3188.320068,9487.799805,9217.349609,980.590027,24951,6965.399902,557.91,5003,2033.199951,2132.22,1474.41,704.580017,3136.5,7356.620117,13560
731805,4185.600098,3381.709961,3208.22998,9564.80957,9310.05957,990.349976,25097,7015.299805,567.64,5049.600098,2043.160034,2135.2,1479.28,701.299988,3134.699951,7358.370117,13602
731806,4180.700195,3398.889893,3208.060059,9752.75,9271.759766,984.030029,25134,6998.200195,574.52,5030.399902,2037.089966,2162.22,1465.83,713.080017,3150.399902,7368.919922,13682
731807,4237.799805,3452.699951,3261.699951,9913.469727,9310.55957,990.51001,25446,7110.299805,578.37,5071.399902,2057.459961,2190.81,1455.9,727.01001,3143.199951,7421.740234,13812
731811,4272.100098,3507.22998,3301.080078,10032.969727,9412.450195,999.73999,25631,7170.700195,585.26,5167.399902,2090.75,2243.67,1445.09,730.099976,3158.300049,7500.009766,14146
731812,4250.799805,3504.530029,3310.699951,10174.099609,9428.900391,1002.349976,25651,7192.399902,592.48,5186.200195,2116.310059,2240.38,1449.71,740.130005,3165,7487.569824,14158
731813,4217.399902,3501.22998,3280.340088,10292.05957,9397.509766,1000.299988,25492,7179.799805,592.64,5153.700195,2094.129883,2233.64,1441.66,737.200012,3167.699951,7460.149902,14467
731814,4223.5,3565.469971,3306.419922,10362.69043,9423.679688,1003.27002,25480,7214.899902,599.13,5207.799805,2112.02002,2276.47,1441.09,754.340027,3169.899902,7498.310059,14670
731815,4225.899902,3549.050049,3328.98999,10281.169922,9348.870117,993.059998,25592,7205.899902,597.1,5250.700195,2110.159912,2310.52,1438.88,754.719971,3180.399902,7493.72998,14613
731818,4225.899902,3500.090088,3291.360107,10276.639648,9317.639648,993.710022,25343,7166.399902,589.84,5172.299805,2104.719971,2292.8,1422.18,756.72998,3175,7435.330078,14473
731819,4177.399902,3455.47998,3256.689941,10332.570312,9340.450195,996.72998,25151,7130,583.9,5156.700195,2082.540039,2251.48,1425.21,753,3167.300049,7437.720215,14878
731820,4206.399902,3483.080078,3280.02002,10308.990234,9333.790039,996.789978,25307,7143.299805,588.06,5180,2090.939941,2256.09,1425.36,758.97998,3178.199951,7502.080078,15143
731821,4198,3492.669922,3322.949951,10225.219727,9374.209961,1002.840027,25412,7175.100098,589.97,5201,2071.969971,2256.03,1415.69,752.809998,3196.899902,7563.490234,15065
731822,4161.100098,3484.580078,3311.419922,10343.549805,9415.820312,1008.01001,25246,7111.299805,586.43,5124.200195,2043.839966,2210.57,1421.98,759.469971,3202.899902,7591.419922,15174
731826,4204.399902,3567.199951,3363.929932,10690.080078,9523.269531,1021.98999,25529,7203.899902,601.1,5185,2067.840088,2150.48,1446.51,766.5,3223.899902,7671.740234,15454
731827,4262.100098,3647.51001,3422.780029,10715.69043,9568.459961,1026.27002,25853,7291.700195,611.12,5291,2107.929932,2142.67,1447.85,766.320007,3219.199951,7719.120117,15634
731828,4248.799805,3668.669922,3410.689941,10646.950195,9587.900391,1027.969971,25829,7265.700195,611.15,5298.799805,2102.530029,2138.91,1447.43,764.150024,3233.800049,7719.47998,15705
731829,4257.200195,3607.709961,3392.75,10650.769531,9503.339844,1021.390015,25800,7230.600098,612.49,5310.600098,2096.419922,2146.39,1431.53,761.549988,3220.100098,7775.339844,15900
731832,4292.100098,3641.530029,3409.719971,10683.759766,9586.290039,1031.640015,26122,7287,615.14,5336.299805,2115.219971,2091.7,1425.73,760.25,3233,7814.629883,16050
731833,4263.899902,3594.399902,3375.26001,10922.040039,9507.200195,1023.169983,25844,7220,609.11,5297.799805,2098.969971,2062.72,1420.07,767.460022,3237.5,7732.899902,15718
731841,4293,3561.030029,3393.929932,10990.110352,9545.650391,1025.969971,25795,7146.700195,608.99,5398.899902,2122.030029,2062.38,1389.82,766.590027,3221.5,7746.540039,16492
731842,4314.700195,3612.02002,3415.01001,11033.320312,9659.129883,1039.579956,26105,7195.700195,608.48,5422.600098,2122.820068,2021.51,1390.48,758.179993,3225,7868.279785,16889
731843,4257,3578.699951,3373.639893,10938.419922,9644.820312,1036.300049,26093,7102.700195,603.03,5387.100098,2109.879883,2039.38,1391.37,748.25,3223.399902,7891.669922,16851
731846,4228.200195,3456.27002,3282.949951,10475.099609,9535.410156,1022.820007,25465,6953.299805,589.36,5257.200195,2103.48999,2021.94,1381.44,714.890015,3200,7815.470215,16486
731848,4236.399902,3307.340088,3263.780029,10502.290039,9425.509766,1009.380005,25443,6909,581.22,5230.700195,2090.050049,2045.55,1394.23,724.700012,3214.300049,7788.080078,16058
731849,4202.200195,3326.27002,3230.540039,10310.040039,9343.959961,1003.27002,25231,6895.700195,576.78,5160.600098,2080.969971,2027.46,1376.29,713.52002,3180.199951,7771.930176,15806
731850,4157.100098,3324.850098,3216.76001,10318.44043,9313.080078,996.849976,25029,6809.399902,581.65,5131.299805,2077.610107,2001.5,1370.84,697.400024,3175.699951,7786.220215,15811
731853,4142.700195,3323.379883,3188.709961,10229.570312,9380.240234,1006.580017,24994,6772,575.61,5102.299805,2070.850098,2002.63,1355.33,696.059998,3170.300049,7836.359863,16109
731854,4091.300049,3256.780029,3134.98999,10219.049805,9275.05957,995.969971,24616,6703.600098,567.02,5043.5,2051.830078,2019.76,1367.16,697.52002,3176.199951,7822.47998,16011
731855,4169.200195,3329.830078,3191.01001,10361.240234,9469.200195,1018.219971,24955,6751,572.56,5061,2081.120117,2012.14,1367.16,704.289978,3164.699951,7937.180176,16579
731856,4209.100098,3276.639893,3192.939941,10593.530273,9487.799805,1020.23999,24921,6762.399902,570.39,5077.899902,2080.850098,2052.86,1367.16,715.23999,3203.399902,7775.799805,16894
731860,4270.100098,3404.909912,3281.360107,10740.139648,9594.980469,1034.349976,25251,6894.200195,590.99,5161.5,2103.949951,2130.54,1367.16,723.130005,3222.899902,7816.310059,17273
731861,4272,3355.780029,3254.75,10820.330078,9654.610352,1039.25,25197,6894.100098,589.73,5123.700195,2103.280029,2093.57,1367.16,727.090027,3225.399902,7825.009766,17470
731862,4268.600098,3395.330078,3248.610107,10542.200195,9630.900391,1033.780029,25217,6924.299805,592.96,5146.200195,2100.469971,2123.22,1371.69,722.76001,3247.800049,7812.069824,17805
731863,4313.899902,3481.899902,3324.98999,10531.44043,9680.009766,1038.72998,25563,7019.100098,601.75,5217.799805,2112.610107,2120.82,1369.17,736.159973,3256.899902,7937,17708
731864,4311,3471.25,3306.120117,10786.040039,9674.679688,1038.060059,25429,6974.700195,596.21,5204.5,2109.870117,2108.62,1404.01,757.890015,3266.199951,7949.029785,17676
731868,4334.100098,3538.129883,3344.899902,10966.429688,9812.980469,1049.47998,25692,7040.700195,610.69,5254,2122.97998,2114.75,1388.17,766.52002,3291.600098,7886.720215,18178
731869,4368.799805,3570.580078,3374.97998,10899.950195,9803.049805,1046.76001,25990,7043.5,615.08,5262.5,2150.709961,2118.46,1383.1,764.22998,3291.899902,7843.700195,17942
731870,4339.700195,3577.719971,3357.48999,11025.150391,9791.719727,1050.069946,25953,7034.299805,609.67,5262.899902,2144.77002,2111.24,1365.51,776.969971,3302.300049,7838.140137,17955
731871,4344,3516.669922,3353.719971,11037.889648,9721.790039,1039.319946,25824,6993.600098,610.02,5247.299805,2139.199951,2124.7,1370.58,767.75,3301.399902,7859.819824,17791
731874,4347.600098,3559.330078,3358.800049,11161.709961,9777.94043,1044.680054,25831,6984.799805,613.02,5266.600098,2147.5,2120.72,1359.5,776.440002,3295.199951,7875.77002,18370
731875,4352.299805,3580.080078,3363.300049,11031.519531,9747.639648,1046.030029,25890,7007.399902,608.11,5257.899902,2146.360107,2145.2,1364.3,779.890015,3310.600098,7936.680176,18449
731876,4285.600098,3490.600098,3302.699951,10889.620117,9598.240234,1030.359985,25507,6914.600098,594.31,5176.600098,2126.469971,2127.28,1398.01,779.280029,3305.300049,7914.140137,18235
731877,4240.200195,3497.139893,3264.290039,10335.160156,9613.129883,1033.77002,25268,6879.899902,600.73,5123,2103.899902,2092.19,1386.65,754.140015,3274.100098,7874.049805,17690
731878,4239,3452.639893,3266.27002,10335.700195,9582.459961,1028.910034,25287,6869,605.59,5123.700195,2099.25,2102.1,1381.83,748.169983,3266.199951,7842.859863,17814
731881,4251.299805,3517.100098,3306.590088,10454.120117,9608.160156,1031.130005,25451,6951,614.77,5157.600098,2120.909912,2112.53,1369.46,761.609985,3254.899902,7905.209961,17750
731882,4272.899902,3586.929932,3352.149902,10561.009766,9748.30957,1046.790039,25631,7023.799805,622.03,5185.200195,2132.379883,2112.53,1369.32,775.359985,3254.300049,7928.720215,18228
731883,4265.700195,3615.419922,3366.949951,10739.219727,9774.530273,1048.109985,25753,7030.399902,618.56,5177.5,2117.280029,2107.92,1361.49,779.659973,3274.699951,7925.200195,17945
731884,4300.899902,3639.659912,3387.360107,10695.55957,9786.610352,1046.939941,25922,7119.100098,620.28,5223.200195,2138.01001,2115.86,1344.63,785.940002,3284.600098,8022.939941,18094
731885,4287.600098,3655.98999,3373.199951,10559.589844,9801.120117,1050.709961,25973,7129.5,617.57,5211.399902,2160.669922,2121.06,1348.3,782.359985,3282.399902,8064.830078,17982
731889,4330.299805,3741.709961,3424.810059,10847.969727,9838.830078,1053.25,26360,7199.700195,619.16,5252.100098,2165.469971,2155.94,1389.55,796.059998,3279.5,8265.849609,18541
731890,4303.399902,3717.699951,3393.25,10837.540039,9820.830078,1051.810059,26216,7196.100098,612.08,5203.200195,2172.159912,2158.15,1385.11,805.51001,3255.800049,8232.05957,18307
731891,4324.200195,3733.929932,3412.179932,10552.299805,9856.969727,1058.050049,26355,7228.100098,616.66,5235.700195,2185.98999,2177.14,1356.79,790.039978,3257.899902,8342.629883,18613
731892,4376.899902,3782.560059,3453.129883,10628.980469,9809.790039,1053.209961,26670,7267.799805,622.38,5299.600098,2203.439941,2194.99,1335.2,804.049988,3265.5,8430.599609,18672
731895,4341.799805,3746.23999,3425.189941,10504.540039,9756.530273,1047.109985,26586,7222.899902,618.34,5242.200195,2200.780029,2193.17,1340.1,796.559998,3248.100098,8372.099609,18572
731896,4345.100098,3729.870117,3406.050049,10207.040039,9737.790039,1046.569946,26361,7191.399902,614.33,5260.299805,2195.780029,2173.19,1343.62,787.77002,3217.699951,8365.509766,18409
731897,4371.299805,3748.340088,3411.050049,10226.219727,9848.830078,1058.530029,26498,7246.700195,617.21,5270.600098,2187.699951,2160.12,1317.79,796.309998,3217.399902,8539.30957,18794
731898,4373,3765.590088,3412.550049,10337.669922,9837.94043,1058.410034,26672,7258.799805,624.65,5325.899902,2185.27002,2161.33,1319.61,813.109985,3230.300049,8643.929688,18755
731899,4397,3797.399902,3448.600098,10167.05957,9768.679688,1050.349976,26782,7293.799805,631.3,5369.799805,2197.600098,2163.47,1331.05,809.890015,3215.399902,8606.030273,18986
731902,4338.899902,3674.540039,3359.300049,9786.830078,9710.830078,1043.630005,26357,7134,617.52,5274.700195,2163.540039,2132.57,1328.1,794.469971,3188.399902,8488.650391,18669
731903,4354.700195,3666.280029,3352.919922,9897.049805,9624.160156,1034.150024,26505,7127.299805,615.15,5249.899902,2155.129883,2131.47,1316.56,800.969971,3185.399902,8542,18813
731904,4327.399902,3652.290039,3343.379883,9614.599609,9690.459961,1042.439941,26447,7131.5,608.38,5197.600098,2151.280029,2130.53,1338.87,771.700012,3189.100098,8351.290039,18807
731906,4319,3642.25,3366.120117,9852.830078,9628.530273,1035.280029,26367,7145,603.13,5206.299805,2151.209961,2117.39,1361.56,770.780029,3175.300049,8335.120117,19248
731910,4388.799805,3733.159912,3418.149902,9960.200195,9763.94043,1053.890015,26927,7251.899902,612.38,5309.100098,2177.060059,2156.13,1408.42,768.109985,3197.399902,8288.80957,19810
731911,4370.399902,3712.97998,3415.189941,10144.830078,9779.570312,1058.449951,26939,7227.399902,609.48,5296,2166.879883,2173.95,1411.91,782.650024,3198.699951,8385.400391,19695
731913,4342.600098,3745.949951,3424.790039,10100.570312,9782.459961,1058.199951,27156,7252.5,614.52,5317.5,2168.320068,2170.05,1397.22,796.179993,3195.699951,8554.480469,20184
731916,4410,3821.199951,3490.26001,10403.269531,9899.049805,1070.119995,27478,7372.299805,621.26,5374.899902,2186.780029,2163.93,1432.7,807.390015,3180.300049,8621.110352,20521
731917,4378.899902,3809.26001,3471.860107,10410.150391,9853.639648,1066.619995,27453,7348.700195,621.92,5378.200195,2189.120117,2180.61,1435.31,807.780029,3196.699951,8635.44043,20458
731918,4392,3875.659912,3501.929932,10326.389648,9873.419922,1064.72998,27650,7384.299805,622.54,5440.700195,2206.300049,2197.74,1445.03,808.340027,3220.100098,8553.740234,20540
731919,4378.200195,3874.780029,3496.550049,10429.990234,9930.820312,1069.719971,27807,7367.100098,626.28,5427,2202.560059,2194.42,1452.81,805.130005,3231.899902,8528.80957,20414
731920,4367,3841.72998,3457.139893,10373.459961,9862.679688,1061.5,27620,7348.100098,623.24,5365.100098,2195.98999,2187.24,1451.12,789.409973,3232.100098,8489.540039,20880
731924,4379.600098,3846.179932,3456.120117,10124.280273,9923.419922,1060.180054,27489,7391,616.97,5392.399902,2186.02002,2198.23,1443.37,787.349976,3219.5,8429.030273,21260
731925,4335.399902,3820.919922,3438.850098,9910.55957,9921.860352,1059.050049,27282,7358.799805,616.23,5345.100098,2178.929932,2201.2,1469.42,794.640015,3212.899902,8342.110352,20973
731926,4331.299805,3858.850098,3467.899902,10075.139648,10008.160156,1071.209961,27501,7432.200195,617.44,5403.100098,2177.810059,2204.6,1470.02,791.130005,3193.699951,8441.089844,21296
731930,4348,3875.469971,3490.419922,10490.769531,10022.820312,1068.040039,27537,7471.799805,621.6,5427.100098,2172.840088,2201.76,1470.36,822.159973,3252,8337.969727,20710
731931,4333,3865.97998,3486.600098,10271.599609,10129.55957,1075.130005,27459,7487,614.08,5383.299805,2168.689941,2179.12,1466.34,810.789978,3221.300049,8348.339844,20760
731932,4354.200195,3847.570068,3479.870117,10092.639648,10145.259766,1076.47998,27486,7506.299805,606.08,5356.5,2170.169922,2182.74,1453.99,800.090027,3235.5,8416.070312,21199
731933,4397.299805,3870.879883,3503.209961,10104,10248.080078,1089.180054,27632,7585.5,613.78,5415.799805,2190.129883,2187.81,1457.3,807.5,3229.5,8519.700195,21489
731934,4412.299805,3898.419922,3502.040039,10284.540039,10278.219727,1088.660034,27378,7617.600098,618.55,5413.399902,2196.75,2210.68,1446.29,811.200012,3238.5,8564.900391,21386
731937,4424,3876.939941,3496.060059,10372.509766,10338,1092.939941,26884,7619.100098,618.39,5387.799805,2207.550049,2205.52,1492.96,804.539978,3261.199951,8564.900391,21630
731944,4457.5,3952.719971,3520.790039,10500.620117,10450,1109.47998,27020,7760.399902,638.62,5445.200195,2231,2211.93,1496.43,792.440002,3286.399902,8729.530273,22045
731945,4470.399902,3965.159912,3529.179932,10676.639648,10425.040039,1109.640015,26887,7737.200195,636.29,5487.799805,2238.52002,2252.98,1511.69,810.710022,3301.300049,8771.429688,22236
