Date,UK,Germany,France,Japan,DJI,SP500,Italy,Spain,Sweden,Switzerland,Belgium,Greece,China,Korea,Australia,Mexico,Brazil
735238,6089.799805,7776.370117,3730.02002,10688.110352,13435.209961,1466.469971,16959.8,8435.799805,1136.77,7058.899902,2516.320068,964.19,2276.99,2011.939941,4742.899902,44562.328125,62523
735241,6064.600098,7732.660156,3704.639893,10599.009766,13384.290039,1461.890015,16895.7,8419,1130.13,7049.299805,2503.120117,969.43,2285.36,2011.25,4738.100098,44625.929688,61933
735242,6053.600098,7695.830078,3705.879883,10508.05957,13328.849609,1457.150024,16951.1,8453,1125.39,7074.5,2497.620117,980.52,2276.07,1997.939941,4712.299805,44571.199219,61128
735243,6098.700195,7720.470215,3717.449951,10578.570312,13390.509766,1461.02002,17326.3,8606.400391,1127.67,7151.600098,2506.389893,983.91,2275.34,1991.810059,4730.100098,44862.539062,61579
735244,6101.5,7708.470215,3703.120117,10652.639648,13471.219727,1472.119995,17451.1,8618.900391,1126.87,7143.700195,2505.27002,984.85,2283.66,2006.800049,4745.200195,44859.800781,61678
735245,6121.600098,7715.529785,3706.02002,10801.570312,13488.429688,1472.050049,17502.4,8664.700195,1132.28,7188.200195,2496.800049,979.72,2243,1996.670044,4733.799805,44888.128906,61497
735249,6117.299805,7675.910156,3697.350098,10879.080078,13534.889648,1472.339966,17467.5,8601,1127.51,7272.299805,2499.399902,951.05,2325.68,1983.73999,4743,44748.058594,61728
735250,6104,7691.129883,3708.48999,10600.44043,13511.230469,1472.630005,17339.9,8581.099609,1130.62,7304.899902,2504.449951,952.78,2309.5,1977.449951,4765,44865.300781,61787
735251,6132.399902,7735.459961,3744.110107,10609.639648,13596.019531,1480.939941,17587.3,8628.900391,1136.2,7429.899902,2532.429932,953.71,2284.91,1974.27002,4779.700195,44943.339844,62194
735252,6154.399902,7702.22998,3741.580078,10913.299805,13649.700195,1485.97998,17554.1,8604,1135.02,7368.799805,2539.51001,973.95,2317.07,1987.849976,4794.700195,45212.53125,61956
735256,6179.200195,7696.209961,3741.01001,10709.929688,13712.209961,1492.560059,17715.9,8632.099609,1139.15,7291.899902,2549.709961,999.2,2315.14,1996.52002,4802.899902,45320.300781,61692
735257,6197.600098,7707.540039,3726.169922,10486.990234,13779.330078,1494.810059,17579,8613.299805,1140.82,7392,2535.47998,1019.41,2320.91,1980.410034,4812.100098,45442.980469,61966
735258,6264.899902,7748.129883,3752.169922,10620.870117,13825.330078,1494.819946,17756.6,8665.599609,1146.93,7457.700195,2554,987.45,2302.6,1964.47998,4833.799805,45428.699219,61170
735259,6284.5,7857.970215,3778.159912,10926.650391,13895.980469,1502.959961,17726.9,8724.599609,1158.5,7458.700195,2570.580078,1014.53,2291.3,1946.689941,4858.899902,45575.859375,61170
735263,6339.200195,7848.569824,3785.820068,10866.719727,13954.419922,1507.839966,17891.9,8643,1161.97,7458,2571.97998,1005.28,2358.98,1955.959961,4910.799805,45907.980469,60406
735264,6323.100098,7811.310059,3765.52002,11113.950195,13910.419922,1501.959961,17289.9,8571.900391,1173.38,7387.899902,2559.629883,996.82,2382.48,1964.430054,4919.100098,45753.179688,59337
735265,6276.899902,7776.049805,3732.600098,11138.660156,13860.580078,1498.109985,17439.1,8362.299805,1169.17,7390.899902,2520.350098,986.76,2385.42,1961.939941,4901,45278.058594,59761
735266,6347.200195,7833.390137,3773.530029,11191.339844,14009.790039,1513.170044,17318.9,8229.700195,1176.11,7420.399902,2560.01001,977.27,2419.02,1957.790039,4941.899902,45768.488281,60351
735269,6246.799805,7638.22998,3659.909912,11260.349609,13880.080078,1495.709961,16539,7919.600098,1161.19,7362.700195,2506.22998,995.3,2428.15,1953.209961,4929.100098,45768.488281,59576
735270,6282.799805,7664.660156,3694.699951,11046.919922,13979.299805,1511.290039,16712.3,8093.600098,1175.54,7404.600098,2518.659912,1011.85,2433.13,1938.180054,4902.600098,45688.121094,59445
735271,6295.299805,7581.180176,3642.899902,11463.75,13986.519531,1512.119995,16602.8,8056.200195,1174.79,7433.5,2503.25,1035.19,2434.48,1936.189941,4940.5,45570.710938,58951
735272,6228.399902,7590.850098,3601.050049,11357.070312,13944.049805,1509.390015,16400.6,8014.600098,1165.71,7337,2493.26001,1042.16,2418.53,1931.77002,4955.799805,45019.210938,58372
735273,6263.899902,7652.140137,3649.5,11153.160156,13992.969727,1517.930054,16630.5,8174.899902,1175.05,7396,2505.909912,1022.57,2432.4,1950.900024,4989.399902,45089.359375,58498
735284,6379.100098,7752.450195,3735.820068,11372.339844,14035.669922,1530.939941,16664.4,8225.299805,1193.77,7579.5,2556.669922,1038.26,2382.91,1985.829956,5101,44639.761719,57314
735285,6395.399902,7728.899902,3709.879883,11468.280273,13927.540039,1511.949951,16527.5,8163,1200.54,7626,2558.209961,1039.49,2397.18,2024.640015,5114.399902,44299.558594,56178
735286,6291.5,7583.569824,3624.800049,11309.129883,13880.620117,1502.420044,16009.5,8014.5,1188.95,7505.700195,2509.439941,996.3,2325.95,2015.219971,4998.600098,44136.601562,56155
735287,6335.700195,7661.910156,3706.280029,11385.94043,14000.570312,1515.599976,16233.3,8179,1205.1,7554.399902,2550.919922,1003.32,2314.16,2018.890015,5036.700195,43875.730469,56697
735290,6355.399902,7773.189941,3721.330078,11662.519531,13784.169922,1487.849976,16352,8244.5,1199.44,7594.399902,2559.01001,995.37,2325.82,2009.52002,5072.700195,43497.199219,56618
735291,6270.399902,7597.109863,3621.919922,11398.80957,13900.129883,1496.939941,15552.2,7980.700195,1180.9,7450,2510.620117,991.56,2293.34,2000.01001,5021.799805,43489.199219,56949
735292,6325.899902,7675.830078,3691.48999,11253.969727,14075.370117,1515.98999,15827,8136.700195,1194.07,7485,2544.22998,998.48,2313.22,2004.040039,5053.100098,43772.890625,57274
735293,6360.799805,7741.700195,3723,11559.360352,14054.490234,1514.680054,15921.2,8230.299805,1199.4,7593.700195,2569.169922,1007.99,2365.59,2026.48999,5120.399902,44120.988281,57424
735297,6345.600098,7691.680176,3709.76001,11652.290039,14127.820312,1525.199951,15542.2,8246.299805,1203.47,7590.5,2541.899902,969.97,2273.4,2013.150024,5028.5,43871.308594,56499
735298,6432,7870.310059,3787.189941,11683.450195,14253.769531,1539.790039,15974.3,8423.299805,1217.41,7718.5,2590.679932,967.15,2326.31,2016.609985,5088.100098,44017.121094,55951
735299,6427.600098,7919.330078,3773.76001,11932.269531,14296.240234,1541.459961,15899.7,8358.900391,1208.39,7698.700195,2589.110107,963.45,2347.18,2020.73999,5130.899902,44159.648438,57940
735300,6439.200195,7939.77002,3793.780029,11968.080078,14329.490234,1544.26001,15947.2,8389.099609,1208.09,7709,2602.429932,936.57,2324.29,2004.400024,5123.100098,43968.601562,58847
735301,6483.600098,7986.470215,3840.149902,12283.620117,14397.070312,1551.180054,16204,8628.099609,1215.14,7744.799805,2632.52002,952.34,2318.61,2006.01001,5137.5,44322.511719,58433
735304,6503.600098,7984.290039,3836.27002,12349.049805,14447.290039,1556.219971,16092,8554.400391,1218.08,7758.600098,2633.129883,929.69,2310.59,2003.349976,5160,44013.300781,58545
735305,6510.600098,7966.120117,3839.969971,12314.80957,14450.05957,1552.47998,16024,8532.299805,1208.52,7802.899902,2627.469971,941.17,2286.6,1993.339966,5128.600098,43965.410156,58209
735306,6481.5,7970.910156,3836.040039,12239.660156,14455.280273,1554.52002,15745.3,8498.299805,1210.89,7780.899902,2632.040039,973.12,2263.97,1999.72998,5104.399902,43278.109375,57386
735307,6529.399902,8058.370117,3871.580078,12381.19043,14539.139648,1563.22998,16131,8657.900391,1221.85,7842.899902,2647.689941,968.29,2270.28,2002.130005,5043.799805,43348.519531,57281
735308,6489.700195,8042.850098,3844.030029,12560.950195,14514.110352,1560.699951,16061.2,8619.099609,1217.35,7864.399902,2628.629883,960.42,2278.4,1986.5,5129.299805,42605.050781,56869
735312,6441.299805,7947.790039,3775.75,12468.230469,14455.820312,1548.339966,15670.6,8321,1195.98,7789.600098,2597.399902,923.43,2257.43,1978.560059,5004.399902,42060.609375,56361
735314,6388.600098,7932.509766,3774.850098,12635.69043,14421.490234,1545.800049,15936,8351.200195,1187.72,7762.299805,2613.360107,924.86,2324.24,1950.819946,4976.799805,42531.070312,55577
735315,6392.799805,7911.350098,3770.290039,12338.530273,14512.030273,1556.890015,16045.5,8329.5,1196.43,7744.299805,2619.550049,930.53,2328.28,1948.709961,4980.799805,42686.679688,55243
735318,6378.399902,7870.899902,3727.97998,12546.459961,14447.75,1551.689941,15644.4,8140.600098,1195.58,7758.200195,2595.179932,930.53,2326.72,1977.670044,5001.5,42900.828125,54873
735319,6399.399902,7879.669922,3748.639893,12471.620117,14559.650391,1563.77002,15495.9,7990.5,1194.99,7800,2593.699951,884.94,2297.67,1983.699951,4964.700195,43664.730469,55671
735320,6387.600098,7789.089844,3711.639893,12493.790039,14526.160156,1562.849976,15353.8,7900.399902,1194.49,7780.200195,2578.23999,849.62,2301.26,1993.439941,5007,44077.089844,56034
735326,6490.700195,7943.870117,3805.370117,12003.429688,14662.009766,1570.25,15555,8050.399902,1210.08,7899.299805,2626.719971,856.29,2227.74,1986.150024,4995.5,44113.5,54889
735327,6420.299805,7874.75,3754.959961,12362.200195,14550.349609,1553.689941,15200.3,7904.299805,1203.38,7875.100098,2587.27002,837.82,2225.29,1983.219971,4966.399902,43717.570312,55563
735332,6276.899902,7662.640137,3666.780029,13192.589844,14613.480469,1563.069946,15243.4,7787.100098,1164.85,7691.799805,2544.689941,829.08,2211.59,1918.689941,4912.700195,43430.988281,55092
735333,6313.200195,7637.509766,3670.719971,13192.349609,14673.459961,1568.609985,15436.1,7872.5,1175.62,7654,2558.800049,876.54,2225.77,1920.73999,4980.200195,43973.179688,55912
735334,6387.399902,7810.629883,3743.709961,13288.129883,14802.240234,1587.72998,15928.6,8136.399902,1193.66,7771.399902,2624.189941,903.13,2226.13,1935.579956,4973.700195,44380.828125,56187
735335,6416.100098,7871.629883,3775.659912,13549.160156,14865.139648,1593.369995,16020.9,8159.5,1195.53,7815.299805,2637.429932,926.91,2219.55,1949.800049,5010.299805,44408.429688,55401
735336,6384.399902,7744.77002,3729.300049,13485.139648,14865.05957,1588.849976,15780.1,8040.399902,1185.33,7760.600098,2615.600098,926.55,2206.78,1924.22998,5016,44004.269531,54963
735339,6343.600098,7712.629883,3710.47998,13275.660156,14599.200195,1552.359985,15629,8014.100098,1177.61,7754.700195,2593.689941,925.49,2181.94,1920.449951,4966.799805,42984.378906,52950
735340,6304.600098,7682.580078,3685.790039,13221.44043,14756.780273,1574.569946,15533,7948.700195,1167.48,7717.600098,2574.810059,913.62,2194.85,1922.209961,4944.100098,43223.691406,53991
735341,6244.200195,7503.029785,3599.22998,13382.889648,14618.589844,1552.01001,15383.8,7803,1147.48,7533.799805,2528.399902,923.67,2193.8,1923.839966,4993.600098,42610.910156,52882
735342,6243.700195,7473.72998,3599.360107,13220.070312,14537.139648,1541.609985,15480.6,7812.5,1146.65,7579,2528.030029,918.81,2197.6,1900.060059,4911.299805,42460.210938,53166
735343,6286.600098,7459.959961,3651.959961,13316.480469,14547.509766,1555.25,15760.8,7915.5,1147.31,7618.799805,2553.909912,926.73,2244.64,1906.75,4923,42808.171875,53929
735346,6280.600098,7478.109863,3652.129883,13568.370117,14567.169922,1562.5,16021.7,8027.700195,1143.3,7609.100098,2587.620117,943.33,2242.17,1926.310059,4955.399902,42914.199219,54298
735347,6406.100098,7658.209961,3783.050049,13529.650391,14719.459961,1578.780029,16490.8,8289.299805,1172.79,7802.5,2641.01001,942.18,2184.54,1918.630005,5002.600098,43113.609375,54885
735348,6431.799805,7759.029785,3842.939941,13843.459961,14676.299805,1578.790039,16563.4,8389.299805,1176.91,7859.600098,2657.600098,950.84,2218.32,1935.310059,5084.200195,42294.929688,54984
735350,6426.399902,7814.759766,3810.050049,13884.129883,14712.549805,1582.23999,16565.2,8297,1194.66,7856.299805,2610.120117,962.03,2177.91,1944.560059,5082.700195,41897,54252
735356,6460.700195,7961.709961,3858.76001,13694.040039,14831.580078,1597.589966,16748.3,8406.400391,1194.42,7902.200195,2660.899902,983.64,2174.12,1957.209961,5104.100098,42090.011719,55322
735361,6557.299805,8181.779785,3921.320068,14180.240234,15056.200195,1625.959961,17121.9,8544,1208.1,7977.5,2716.51001,983.64,2235.57,1954.349976,5122.700195,42406.671875,56275
735362,6583.5,8249.709961,3956.280029,14285.69043,15105.120117,1632.689941,17255.6,8597,1221.83,8093,2736.649902,1043.28,2246.3,1956.449951,5177.899902,42102.140625,55805
735364,6625,8278.589844,3953.830078,14607.540039,15118.490234,1633.699951,17284,8544.5,1227.31,8177.899902,2729.77002,1034.39,2246.83,1944.75,5191.100098,41741.539062,55108
735367,6631.799805,8279.290039,3945.199951,14782.209961,15091.679688,1633.77002,17171.5,8457.799805,1223.89,8147.700195,2719.550049,1065.22,2241.92,1948.699951,5194.799805,41766.910156,54448
735368,6686.100098,8339.110352,3966.060059,14758.419922,15215.25,1650.339966,17315.2,8474.599609,1224.85,8187.799805,2724.629883,1073.47,2217.01,1968.829956,5202.5,41925.140625,54667
735369,6693.600098,8362.419922,3982.22998,15096.030273,15275.69043,1658.780029,17493,8582.5,1230.12,8313.099609,2728.51001,1113.67,2224.8,1971.26001,5173.299805,41905.230469,54936
735370,6687.799805,8369.870117,3979.070068,15037.240234,15233.219727,1650.469971,17544,8542.299805,1235,8256.200195,2727.51001,1134.28,2251.81,1986.810059,5144.200195,41761.109375,54773
735374,6755.600098,8455.830078,4022.850098,15360.80957,15335.280273,1666.290039,17506.9,8515.200195,1243.37,8280.299805,2740.659912,1135.83,2299.99,1982.430054,5185.399902,41080.429688,55701
735375,6803.899902,8472.200195,4036.179932,15381.019531,15387.580078,1669.160034,17427.5,8464.5,1248.14,8318.400391,2734.820068,1090.89,2305.11,1981.089966,5156.200195,40548.441406,56265
735376,6840.299805,8530.889648,4051.110107,15627.259766,15307.169922,1655.349976,17545.5,8462.400391,1254.57,8407.599609,2746.639893,1080.65,2302.4,1993.829956,5142.100098,40119.019531,56429
735377,6696.799805,8351.980469,3967.149902,14483.980469,15294.5,1650.51001,17008.4,8343.599609,1224.45,8168.5,2705.290039,1038.39,2275.67,1969.189941,5040.799805,40505.269531,56350
735378,6654.299805,8305.320312,3956.790039,14612.450195,15303.099609,1649.599976,16896.8,8264.599609,1217.06,8168.799805,2700.909912,1035.12,2288.53,1973.449951,4964.299805,40521.269531,56406
735382,6762,8480.870117,4050.560059,14311.980469,15409.389648,1660.060059,17519.8,8511.299805,1244.04,8221.200195,2728.25,1037.83,2321.32,1986.219971,4950.600098,40764.039062,56036
735383,6627.200195,8336.580078,3974.120117,14326.459961,15302.799805,1648.359985,17237.1,8441.700195,1222.37,8028.600098,2685.620117,1008.72,2324.02,2001.199951,4959.200195,40638.96875,54635
735385,6583.100098,8348.839844,3948.590088,13774.540039,15115.570312,1630.73999,17214.1,8320.599609,1214.77,7947,2649.360107,1014.53,2300.59,2001.050049,4914,41588.320312,53506
735388,6525.100098,8285.799805,3920.669922,13261.820312,15254.030273,1640.420044,17058.1,8284.400391,1209.71,7781,2635.27002,1009.57,2299.25,1989.569946,4873.700195,41094.820312,53944
735389,6558.600098,8295.959961,3925.830078,13533.759766,15177.540039,1631.380005,17135.5,8363,1207.56,7875.700195,2645.409912,981.5,2272.42,1989.51001,4886.700195,40750.398438,54018
735390,6419.299805,8196.179688,3852.439941,13014.870117,14960.589844,1608.900024,16971.2,8290.700195,1185.04,7747.799805,2609.560059,985.36,2270.93,1959.189941,4825.200195,40226.328125,52799
735392,6412,8254.679688,3872.590088,12877.530273,15248.120117,1643.380005,16691.1,8266.599609,1192.98,7784.799805,2623.070068,986.05,2210.9,1923.849976,4729.299805,40232.679688,51619
735398,6304.600098,8095.390137,3797.97998,12445.379883,15176.080078,1636.359985,16116.3,8071.700195,1173.57,7627.5,2578,896.68,2148.35,1882.72998,4684.899902,39481.46875,50415
735399,6308.299805,8127.959961,3805.159912,12686.519531,15070.179688,1626.72998,16152.9,8070.899902,1177.59,7636,2599.330078,919.11,2162.04,1889.23999,4775.5,39269.300781,49332
735402,6330.5,8215.730469,3863.659912,13033.120117,15179.849609,1639.040039,16194.1,8136.299805,1191.39,7729.700195,2623.129883,907.47,2156.22,1883.099976,4805,39549.460938,49089
735403,6374.200195,8229.509766,3860.550049,13007.280273,15318.230469,1651.810059,16197.9,8180.200195,1193.95,7699.700195,2619.320068,918.03,2159.29,1900.619995,4794.600098,39459.980469,49465
735404,6348.799805,8197.080078,3839.340088,13245.219727,15112.19043,1628.930054,16045.5,8098.299805,1174.84,7731.799805,2618.399902,917.62,2143.45,1888.310059,4841.799805,39044.949219,47893
735405,6159.5,7928.47998,3698.929932,13014.580078,14758.320312,1588.189941,15549.2,7822.100098,1138.6,7496,2538.929932,884.02,2084.02,1850.48999,4743.899902,37517.230469,48214
735409,6029.100098,7692.450195,3595.629883,13062.780273,14659.55957,1573.089966,15112.4,7553.200195,1112.14,7249.5,2453.110107,830.01,1963.23,1799.01001,4651.100098,37517.359375,45965
735410,6101.899902,7811.299805,3649.820068,12969.339844,14760.30957,1588.030029,15056.6,7607.700195,1129.25,7397.399902,2477.699951,840.71,1959.51,1780.630005,4633.5,37901.769531,46893
735411,6165.5,7940.990234,3726.040039,12834.009766,14910.139648,1603.26001,15362.9,7823,1144.78,7553.899902,2532.719971,836.58,1951.49,1783.449951,4707.799805,38805.269531,47172
735412,6243.399902,7990.75,3762.189941,13213.549805,15024.490234,1613.199951,15430.5,7844.399902,1161,7671.700195,2545.879883,826.81,1950.01,1834.699951,4784.799805,39650.75,47609
735413,6215.5,7959.220215,3738.909912,13677.320312,14909.599609,1606.280029,15239.3,7762.700195,1151,7683,2526.110107,847.57,1979.21,1863.319946,4775.399902,40623.300781,47457
735416,6307.799805,7983.919922,3767.47998,13852.5,14974.959961,1614.959961,15459.6,7907.100098,1165.64,7741.100098,2532.110107,851.42,1995.24,1855.72998,4689.700195,41176.800781,47230
735417,6303.899902,7910.77002,3742.570068,14098.740234,14932.410156,1614.079956,15365.7,7886.600098,1161.38,7732.600098,2519.969971,823.83,2006.56,1855.02002,4810.299805,40832.480469,45229
735418,6229.899902,7829.319824,3702.01001,14055.55957,14988.370117,1615.410034,15282.8,7763.799805,1154.55,7675.299805,2512.850098,819.03,1994.27,1824.660034,4727.799805,40828.851562,45044
735420,6375.5,7806,3753.850098,14309.969727,15135.839844,1631.890015,15533.7,7868.399902,1167.52,7782,2539.399902,840.92,2007.2,1833.310059,4826.399902,40623.089844,45210
735423,6450.100098,7968.540039,3823.830078,14109.339844,15224.69043,1640.459961,15799.6,8017.600098,1182.64,7863.5,2582.159912,858.4,1958.27,1816.849976,4797.600098,40071.640625,45076
735425,6505,8066.47998,3840.530029,14416.599609,15291.660156,1652.619995,15677.3,7995,1195.31,7971.600098,2611.639893,819.54,2008.13,1824.160034,4885.399902,39999.019531,45483
735426,6543.399902,8158.799805,3868.97998,14472.580078,15460.919922,1675.02002,15677.3,8030.700195,1211.37,7986.399902,2637.439941,811.51,2072.99,1877.599976,4946.899902,40479.828125,46626
735427,6544.899902,8212.769531,3855.090088,14506.25,15464.299805,1680.189941,15430.6,7844.700195,1210.73,7983.200195,2630.100098,804.19,2039.49,1869.97998,4957.5,40329.808594,45533
735431,6556.399902,8201.049805,3851.030029,14599.120117,15451.849609,1676.26001,15530,7798.200195,1212.62,7932.799805,2622.810059,818.62,2065.72,1866.359985,4968.600098,39659.511719,46869
735432,6571.899902,8254.719727,3872.02002,14615.040039,15470.519531,1680.910034,15695,7812.700195,1211.1,7928.100098,2635.129883,832.73,2044.92,1887.48999,4966.5,40240.191406,47407
735433,6634.399902,8337.089844,3927.790039,14808.5,15548.540039,1689.369995,16053.6,7957.299805,1217.57,7929,2651,846.95,2023.4,1875.47998,4976.899902,40245.308594,47657
735434,6630.700195,8331.570312,3925.320068,14589.910156,15543.740234,1692.089966,16124.4,7943.200195,1221.21,7928.100098,2650.159912,836.98,1992.65,1871.410034,4959.399902,39891.671875,47400
735437,6623.200195,8331.05957,3939.919922,14658.040039,15545.549805,1695.530029,16233.5,7966,1213.38,7927.5,2635.340088,842.16,2004.76,1880.349976,4988.899902,40117.671875,48574
735438,6597.399902,8314.230469,3923.090088,14778.509766,15567.740234,1692.390015,16238.6,8073.700195,1216.68,7896.299805,2628.120117,842.33,2043.88,1904.150024,5004.600098,40790.160156,48820
735439,6620.399902,8379.110352,3962.75,14731.280273,15542.240234,1685.939941,16442.7,8192.5,1230.34,7923.100098,2665.72998,841.24,2033.33,1912.079956,5021.799805,40839.039062,48374
735440,6588,8298.980469,3956.02002,14562.929688,15555.610352,1690.25,16432,8282.099609,1232.95,7865.399902,2643.72998,843.55,2021.17,1909.609985,5018.299805,40752.089844,49067
735441,6554.799805,8244.910156,3968.840088,14129.980469,15558.830078,1691.650024,16421.5,8353.599609,1227.86,7796.799805,2638.98999,865.72,2010.85,1910.810059,5023.799805,41064.578125,49422
735444,6560.299805,8259.030273,3968.909912,13661.129883,15521.969727,1685.329956,16275.7,8376.099609,1226.98,7814.100098,2624.050049,874.4,1976.31,1899.890015,5027.899902,40341.859375,49212
735445,6571,8271.019531,3986.610107,13869.820312,15520.589844,1685.959961,16542.9,8456.5,1236.86,7810.200195,2635.959961,866.9,1990.06,1917.050049,5026.299805,40236.550781,48562
735446,6621.100098,8275.969727,3992.689941,13668.320312,15499.540039,1685.72998,16482.3,8433.400391,1234.07,7820.399902,2662.679932,884.6,1993.8,1914.030029,5035.700195,40837.878906,48234
735447,6682,8410.730469,4042.72998,14005.769531,15628.019531,1706.869995,16819,8540.200195,1248.38,7786.5,2717.409912,900.12,2029.07,1920.73999,5047.100098,41863.761719,49141
735448,6647.899902,8406.94043,4045.649902,14466.160156,15658.360352,1709.670044,16779.2,8574,1250.54,7963.899902,2760.199951,916.56,2029.42,1923.380005,5098.700195,42051.601562,48474
735451,6619.600098,8398.379883,4049.969971,14258.040039,15612.129883,1707.140015,16757.2,8560.799805,1251.77,7979.399902,2766.540039,917.75,2050.48,1916.219971,5093.799805,41918.410156,48436
735452,6604.200195,8299.730469,4032.570068,14401.05957,15518.740234,1697.369995,16683.2,8529.5,1242.12,7996.799805,2745.879883,925.73,2060.5,1906.619995,5088,41914.820312,47422
735453,6511.200195,8260.480469,4038.48999,13824.94043,15470.669922,1690.910034,16838.2,8574.099609,1240.41,7976.299805,2748.919922,925.95,2046.78,1878.329956,4996.600098,42246.5,47447
735454,6529.700195,8318.320312,4064.320068,13605.55957,15498.320312,1697.47998,17146.5,8671.799805,1249.22,7955.299805,2804.919922,948.72,2044.9,1883.969971,5047.100098,42712.050781,48929
735455,6583.399902,8338.30957,4076.550049,13615.19043,15425.509766,1691.420044,17186.6,8735.5,1253.79,7977.299805,2807.669922,956.93,2052.24,1880.709961,5038.799805,42648.738281,49875
735458,6574.299805,8359.25,4071.679932,13519.429688,15419.679688,1689.469971,17262.9,8717.700195,1253.69,8000.600098,2818.379883,977.21,2101.28,1884.829956,5094.100098,42124.839844,50299
735459,6611.899902,8415.759766,4092.5,13867,15451.009766,1694.160034,17380.1,8758.5,1260.44,8036.399902,2832.320068,961.01,2106.16,1913.030029,5141.600098,42366.449219,50601
735460,6587.399902,8438.120117,4114.200195,14050.160156,15337.660156,1685.390015,17463.5,8789.299805,1262.48,8078.299805,2829.780029,957.68,2100.14,1923.910034,5141,42430.109375,50896
735462,6500,8391.94043,4123.890137,13650.110352,15081.469727,1655.829956,17677.8,8821.299805,1255.02,7961.299805,2823.790039,955.18,2068.45,1920.109985,5100.100098,42049.699219,51539
735465,6465.700195,8366.290039,4083.97998,13758.129883,15010.740234,1646.060059,17243.2,8657.099609,1250.84,7939.399902,2799.949951,927,2085.6,1917.640015,5102.299805,41484.25,51574
735466,6453.5,8300.030273,4028.929932,13396.379883,15002.990234,1652.349976,16999.6,8502.400391,1247.15,7935.899902,2766.469971,896.11,2072.59,1887.849976,5068.799805,41825.398438,50507
735467,6390.799805,8285.410156,4015.090088,13424.330078,14897.549805,1642.800049,16877.9,8461.799805,1226.05,7887.100098,2750.72998,903.76,2072.96,1867.459961,5090.299805,41458.160156,50405
735468,6446.899902,8397.889648,4059.120117,13365.169922,14963.740234,1656.959961,17309.8,8629.700195,1237.14,7988.600098,2778.219971,898.08,2067.12,1849.119995,5066.700195,41007.429688,51398
735469,6492.100098,8416.990234,4069.469971,13660.549805,15010.509766,1663.5,17342.2,8686.799805,1243.82,8006.899902,2788.449951,924.47,2057.46,1870.160034,5115.200195,40925.128906,52197
735472,6492.100098,8435.150391,4067.129883,13636.280273,14946.459961,1656.780029,16977.8,8649.900391,1245.99,8022.200195,2769.800049,918.82,2096.47,1887.859985,5127.100098,40419.929688,51429
735473,6441,8242.55957,3968.72998,13542.370117,14776.129883,1630.47998,16579.8,8394,1224.85,7886.100098,2698.330078,881.35,2103.57,1885.839966,5130.799805,39656,50092
735474,6430.100098,8157.899902,3960.459961,13338.459961,14824.509766,1634.959961,16743.1,8398.099609,1218.15,7776,2698.790039,881.03,2101.3,1884.52002,5077.899902,39248.070312,49867
735475,6483.100098,8194.549805,3986.350098,13459.709961,14840.950195,1638.170044,16905.2,8432.099609,1224.31,7763.600098,2715.120117,893.77,2097.23,1907.540039,5083.100098,39162.488281,49922
735476,6412.899902,8103.149902,3933.780029,13388.860352,14810.30957,1632.969971,16682.2,8290.5,1214.35,7746,2673.419922,899.92,2098.38,1926.359985,5125.299805,39492.371094,50008
735480,6468.399902,8180.709961,3974.070068,13978.44043,14833.959961,1639.77002,16941,8445.200195,1238.64,7866.200195,2707.199951,920.46,2123.11,1933.73999,5188.899902,39541.511719,51626
735481,6474.700195,8195.919922,3980.419922,14053.870117,14930.870117,1653.079956,16712.2,8490.299805,1242.52,7880.600098,2698.629883,921.4,2127.62,1933.030029,5156.5,39773.53125,51716
735482,6532.399902,8234.980469,4006.800049,14064.820312,14937.480469,1655.079956,16842.7,8550,1243.9,7932.299805,2716.280029,929.78,2122.43,1951.650024,5138.399902,39686.449219,52352
735483,6547.299805,8275.669922,4049.189941,13860.80957,14922.5,1655.170044,17047,8655,1249.05,7950.799805,2731.090088,939.34,2139.99,1955.310059,5144,39915.058594,53749
735486,6530.700195,8276.320312,4040.330078,14205.230469,15063.120117,1671.709961,17244.7,8632.5,1249.11,7935.799805,2732.439941,977.34,2212.52,1974.670044,5179.399902,40953.851562,54252
735487,6584,8446.540039,4116.640137,14423.360352,15191.05957,1683.98999,17332.4,8801.599609,1268.22,8039.200195,2770.129883,992.83,2237.98,1994.060059,5198.899902,41732.980469,53979
735488,6588.399902,8495.730469,4119.109863,14425.070312,15326.599609,1689.130005,17562.6,8875.200195,1270.66,8051.299805,2789.850098,988.85,2241.27,2003.849976,5230.600098,41640.53125,53570
735489,6589,8494,4106.629883,14387.269531,15300.639648,1683.420044,17522.7,8924.200195,1268.3,8033.5,2788.090088,997,2255.6,2004.060059,5238.200195,40785.679688,53307
735490,6583.799805,8509.419922,4114.5,14404.669922,15376.05957,1687.98999,17547.9,8941.599609,1265.97,8038.299805,2795.590088,991.46,2236.22,1994.319946,5214.700195,41122.46875,53798
735494,6570.200195,8596.950195,4145.509766,14311.669922,15529.730469,1704.76001,17751.7,8992,1274.22,8014.5,2811.370117,999.91,2185.56,2005.579956,5245.200195,41137.671875,54271
735500,6557.399902,8635.290039,4172.080078,14742.419922,15401.379883,1701.839966,17913.2,9109.5,1274.77,8057,2822.02002,990.32,2221.04,2009.410034,5245.799805,41314.679688,54602
735501,6571.5,8664.599609,4195.609863,14732.610352,15334.589844,1697.420044,18064.6,9167.599609,1282.73,8047,2824.070068,1016.11,2207.53,2007.099976,5229.5,41209.949219,54431
735502,6551.5,8665.629883,4195.350098,14620.530273,15273.259766,1692.77002,18089.2,9242.900391,1265.69,8055.200195,2822.449951,1020.04,2198.51,1998.060059,5270.100098,41724.03125,54261
735503,6565.600098,8664.099609,4186.720215,14799.120117,15328.299805,1698.670044,17872.5,9272.400391,1275.23,8061.399902,2827.040039,1028.58,2155.81,2007.319946,5288.200195,41327.578125,53783
735504,6512.700195,8661.509766,4186.77002,14760.070312,15258.240234,1691.75,17646.2,9228.400391,1269.48,8055,2818.169922,1030.95,2160.03,2011.800049,5302.299805,40903.648438,53739
735507,6462.200195,8594.400391,4143.439941,14455.799805,15129.669922,1681.550049,17434.9,9186.099609,1259.6,8022.600098,2802.27002,1014.06,2174.67,1996.959961,5217.700195,40185.230469,52338
735515,6365.799805,8555.889648,4133.529785,13894.610352,14776.530273,1655.449951,18372.8,9318.900391,1241.82,7828.200195,2789.610107,1110.45,2198.2,2002.76001,5148.100098,39916.839844,52312
735517,6430.5,8685.769531,4218.109863,14194.709961,15126.070312,1692.560059,18836.8,9660.5,1260.52,7851.100098,2843.23999,1124.28,2190.93,2001.400024,5146.200195,40489.949219,52997
735518,6487.200195,8724.830078,4219.97998,14404.740234,15237.110352,1703.199951,18882.6,9668.5,1266.39,7936.100098,2830.659912,1109.2,2228.15,2024.900024,5228.799805,40975.371094,53150
735521,6507.700195,8723.80957,4222.959961,14404.740234,15301.259766,1710.140015,18917.7,9696,1258.72,7928.5,2832.570068,1119.36,2237.77,2020.27002,5206.5,40882.089844,54171
735522,6549.100098,8804.44043,4256.02002,14441.540039,15168.009766,1698.060059,18999.2,9805.299805,1265.46,7984.399902,2873.800049,1119.99,2233.41,2040.959961,5259.200195,40218.320312,54981
735523,6571.600098,8846,4243.720215,14467.139648,15373.830078,1721.540039,19275,9879,1266.01,7981.899902,2893.070068,1125.02,2193.07,2034.609985,5264.399902,40355.269531,55973
735524,6576.200195,8811.980469,4239.640137,14586.509766,15371.650391,1733.150024,19198.1,9918,1266.91,8032.399902,2880.310059,1138.9,2188.54,2040.609985,5281.899902,40199.46875,55358
735525,6622.600098,8865.099609,4286.029785,14561.540039,15399.650391,1744.5,19271,10001.799805,1283.9,8084.700195,2895.120117,1166,2193.78,2052.399902,5321,40412.691406,55378
735528,6654.200195,8867.219727,4276.919922,14693.570312,15392.200195,1744.660034,19262.7,10037.799805,1288.55,8124.100098,2903.370117,1196.84,2229.24,2053.01001,5351.5,40345.78125,56077
735529,6695.700195,8947.459961,4295.430176,14713.25,15467.660156,1754.670044,19371.9,10012.900391,1300.23,8214.799805,2908.919922,1202.27,2210.65,2056.120117,5371.200195,40813.480469,56460
735530,6674.5,8919.860352,4260.660156,14426.049805,15413.330078,1746.380005,18910.7,9828.299805,1291.62,8214.599609,2896.47998,1156.36,2183.11,2035.75,5356.799805,40552.589844,55440
735531,6713.200195,8980.629883,4275.689941,14486.410156,15509.209961,1752.069946,19152.9,9915.400391,1298.6,8233.200195,2905.879883,1174.41,2164.32,2046.689941,5373.700195,40246.730469,54877
735532,6721.299805,8985.740234,4272.310059,14088.19043,15570.280273,1759.77002,18874.8,9815.5,1290.63,8249.299805,2885.77002,1190.52,2132.96,2034.390015,5385.700195,40671.609375,54154
735535,6725.799805,8978.650391,4251.609863,14396.040039,15568.929688,1762.109985,18829.4,9736.200195,1288.42,8291.099609,2879.189941,1190.52,2133.87,2048.139893,5437.299805,41125.019531,55073
735536,6774.700195,9022.040039,4278.089844,14325.980469,15680.349609,1771.949951,19256.9,9863.900391,1290.78,8237,2903.830078,1165.98,2128.86,2051.76001,5410.700195,41284.378906,54539
735537,6777.700195,9010.269531,4274.109863,14502.349609,15618.759766,1763.310059,19166.9,9778.700195,1291.14,8228.400391,2882.350098,1173.3,2160.46,2059.580078,5425.399902,41050.089844,54173
735538,6731.399902,9033.919922,4299.890137,14327.94043,15545.75,1756.540039,19351.5,9907.900391,1283.52,8234.299805,2904.350098,1188.17,2141.61,2030.089966,5420.299805,41038.648438,54256
735539,6734.700195,9007.830078,4273.189941,14201.570312,15615.549805,1761.640015,19164.3,9838.299805,1278.42,8221.799805,2888.679932,1177.7,2149.56,2039.420044,5406.5,41079.609375,54013
735543,6746.799805,9009.110352,4253.339844,14225.370117,15618.219727,1762.969971,19091.9,9795.700195,1274.07,8149.299805,2895.73999,1138.35,2157.24,2013.930054,5425.700195,40304.449219,53832
735544,6741.700195,9040.870117,4286.930176,14337.30957,15746.879883,1770.48999,19262.5,9837.099609,1283.48,8224.599609,2932.459961,1156.57,2139.61,2013.670044,5426,40280.089844,53385
735545,6697.200195,9081.030273,4280.990234,14228.44043,15593.980469,1747.150024,18863.4,9740.400391,1284.69,8229.700195,2912.23999,1171.06,2129.4,2004.040039,5415.399902,40009.898438,52741
735546,6708.399902,9078.280273,4260.439941,14086.799805,15761.780273,1770.609985,18961.7,9747.200195,1281.86,8240.900391,2895.570068,1169.04,2106.13,1984.869995,5394.399902,39864.160156,52249
735549,6728.399902,9107.860352,4290.140137,14269.839844,15783.099609,1771.890015,19107.8,9789.5,1287.71,8280.200195,2914.689941,1165.99,2109.47,1977.300049,5380.799805,39686.828125,52624
735550,6726.799805,9076.480469,4263.779785,14588.679688,15750.669922,1767.689941,19005,9707.599609,1279.86,8261.299805,2897.52002,1129.86,2126.77,1995.47998,5386.799805,39594.640625,51804
735551,6630,9054.830078,4239.939941,14567.160156,15821.629883,1782,18733,9675.200195,1274.7,8234.700195,2878.939941,1132.02,2087.94,1963.560059,5317.5,39765.921875,52230
735552,6666.100098,9149.660156,4283.910156,14876.410156,15876.219727,1790.619995,18760.8,9708.700195,1289.17,8305,2896.689941,1143.62,2100.51,1967.560059,5352,40306.699219,53452
735557,6698,9193.290039,4272.290039,15126.55957,15967.030273,1787.869995,18766.8,9629.799805,1299.51,8300.099609,2859.560059,1145.09,2193.12,2031.640015,5347.799805,40643.25,53033
735559,6681.299805,9196.080078,4253.899902,15365.599609,16009.990234,1795.849976,18841.8,9599.299805,1290.5,8268.700195,2846.679932,1141.83,2205.77,1993.780029,5284.299805,40998.371094,52688
735560,6674.299805,9219.040039,4278.529785,15381.719727,16064.769531,1804.76001,18822.3,9677.400391,1297.87,8250.400391,2840.659912,1168.9,2196.38,2006.22998,5330.299805,41199.019531,52801
735563,6694.600098,9299.950195,4301.970215,15619.129883,16072.540039,1802.47998,18784.3,9689.099609,1306.13,8304.099609,2859.590088,1197.79,2186.11,2015.97998,5346.100098,40948.359375,52264
735564,6636.200195,9290.070312,4277.569824,15515.240234,16072.799805,1802.75,18774.3,9714.599609,1305.78,8238.900391,2855.649902,1151.66,2183.07,2022.640015,5350.600098,41002.679688,51447
735565,6649.5,9351.129883,4293.060059,15449.629883,16097.330078,1807.22998,18924.8,9808.400391,1310.13,8245.700195,2869.830078,1175.82,2201.07,2028.810059,5324.899902,41872.589844,51861
735567,6650.600098,9405.299805,4295.209961,15661.870117,16086.410156,1805.810059,19021.5,9837.599609,1307.71,8264.200195,2870.889893,1195.68,2220.5,2044.869995,5314.299805,42499.128906,52482
735570,6595.299805,9401.959961,4285.810059,15655.070312,16008.769531,1800.900024,18732.6,9745.5,1304.58,8257.299805,2858.110107,1228.23,2207.37,2030.780029,5273.5,42138.550781,51245
735571,6532.399902,9223.400391,4172.439941,15749.660156,15914.620117,1795.150024,18366.8,9605,1281.32,8109.899902,2804.97998,1220.98,2222.67,2009.359985,5249.600098,41876.859375,50349
735572,6510,9140.629883,4148.52002,15407.94043,15889.769531,1792.810059,18313,9540.5,1279.03,8045.5,2788.820068,1211.77,2251.76,1986.800049,5267.5,42003.648438,50216
735573,6498.299805,9084.950195,4099.910156,15177.490234,15821.509766,1785.030029,17993.1,9392.099609,1269.51,8025.600098,2766.189941,1190.31,2247.06,1984.77002,5196.899902,41910.078125,50788
735574,6552,9172.410156,4129.370117,15299.860352,16020.200195,1805.089966,18124.4,9400.5,1274.63,8066.100098,2790.23999,1177.34,2237.11,1980.410034,5186,41925.539062,50944
735577,6559.5,9195.169922,4134.100098,15650.209961,16025.530273,1808.369995,18285.5,9487.400391,1283.35,8056.299805,2799.72998,1182.93,2238.2,2000.380005,5148.399902,42289.230469,51165
735578,6523.299805,9114.44043,4091.139893,15611.30957,15973.129883,1802.619995,18236.7,9438.299805,1270.2,7971.799805,2790.610107,1200.67,2237.49,1993.449951,5146.200195,42490.101562,50993
735579,6507.700195,9077.110352,4086.860107,15515.05957,15843.530273,1782.219971,17974,9358.700195,1268.05,7956.299805,2778.159912,1196.98,2204.17,1977.969971,5109.5,42304.550781,50068
735581,6440,9006.459961,4059.709961,15403.110352,15755.360352,1775.319946,17805.7,9272.700195,1255.71,7828.899902,2751.810059,1156.74,2196.07,1962.910034,5101.5,41884.828125,50051
735584,6522.200195,9163.55957,4119.879883,15152.910156,15884.570312,1786.540039,18222.4,9429.5,1269.08,7856.299805,2784.169922,1146.88,2160.86,1961.150024,5093.100098,42054.019531,50280
735585,6486.200195,9085.120117,4068.639893,15278.629883,15875.259766,1781,17925.2,9343.400391,1263.26,7831,2761.909912,1146.69,2151.08,1965.73999,5106.100098,41758.550781,50090
735586,6492.100098,9181.75,4109.509766,15587.799805,16167.969727,1810.650024,18131.5,9443.599609,1275.12,7881.299805,2794.689941,1146.26,2148.28,1974.630005,5099.299805,42079.871094,50563
735587,6584.700195,9335.740234,4154.27002,15859.219727,16179.080078,1809.599976,18454,9617.099609,1300.89,8001.200195,2839.360107,1155.53,2127.79,1975.650024,5202,42198.320312,50819
735588,6606.600098,9400.179688,4193.77002,15870.419922,16221.139648,1818.319946,18565.6,9689.900391,1309.92,8081.399902,2869.669922,1123.86,2084.79,1983.349976,5261.5,42183.769531,51186
735591,6678.600098,9488.820312,4215.290039,15870.419922,16294.610352,1827.98999,18697.2,9758.400391,1320.56,8107.100098,2887.580078,1112.08,2089.71,1996.890015,5291.5,42508.03125,51356
735595,6750.899902,9589.389648,4277.649902,16178.94043,16478.410156,1841.400024,18956.5,9900.099609,1334.42,8221.900391,2921.050049,1165.24,2101.25,2002.280029,5323.799805,42753.21875,51267
735598,6731.299805,9552.160156,4275.709961,16291.30957,16504.289062,1841.069946,18967.7,9901.900391,1332.95,8203,2915.330078,1158.03,2097.53,2011.339966,5358,42958.820312,51507
