Date,UK,Germany,France,Japan,DJI,SP500,Italy,Spain,Sweden,Switzerland,Belgium,Greece,China,Korea,Australia,Mexico,Brazil
730855,6185.600098,6376.540039,5815.990234,13691.490234,10912.410156,1333.339966,42676,9597.200195,1065.53,8116.799805,3014.879883,3312.79,2117.41,558.02002,3234.300049,6048.339844,16675
730856,6198.100098,6382.310059,5758.02002,13867.610352,10662.009766,1298.349976,42795,9601.400391,1072,7985.600098,3013.550049,3217.96,2125.3,580.849976,3240.699951,5924.330078,16410
730860,6088.100098,6404.52002,5663.189941,13610.509766,10572.549805,1300.800049,42627,9581.799805,1042.47,7957.600098,3001.070068,3097.74,2101.14,589.919983,3189.399902,5909.529785,16976
730861,6059.899902,6320.069824,5653.350098,13432.650391,10604.269531,1313.27002,42747,9585.799805,1032.67,7860,2980.199951,3095.84,2125.61,560.809998,3184.5,5814.97998,16919
730862,6114.899902,6465.209961,5702.779785,13201.070312,10609.549805,1326.819946,43403,9699.799805,1056.39,7877.299805,2989.120117,3311.87,2119.14,561.789978,3172.399902,5966.799805,17024
730863,6165.5,6490.029785,5834.339844,13347.740234,10525.379883,1318.550049,44037,9890.200195,1072.66,7848.200195,2991.100098,3314.11,2104.75,587.869995,3188.600098,5966.600098,16850
730867,6083.299805,6502.890137,5761.669922,13584.450195,10652.660156,1326.650024,43576,9722.400391,1058.33,7874,2962.070068,3133.12,2045.89,603.419983,3184.300049,6002.649902,16721
730868,6197.399902,6653.379883,5884.089844,13667.629883,10584.339844,1329.469971,44735,10020.099609,1100.11,7972.700195,2977.540039,3205.01,2034.58,595.830017,3198.399902,6078.25,17191
730869,6209.899902,6635.759766,5860.160156,13873.919922,10678.280273,1347.969971,44630,10070.799805,1109.98,7936.200195,2966.409912,3183.73,2043.11,604.049988,3232.5,6194.299805,17521
730870,6209.299805,6651.529785,5845.72998,13989.120117,10587.589844,1342.540039,44418,9955.5,1106.41,7862.399902,2959.449951,3153.1,2065.61,619.780029,3254.5,6267.490234,17530
730873,6232,6675,5882.759766,14032.419922,10578.240234,1342.900024,44499,10019.200195,1099.38,7875.5,2969.330078,3081.85,2065.61,627.450012,3263.899902,6271.069824,17392
730880,6317,6750.959961,5887.899902,13845.280273,10702.19043,1364.170044,44484,9949.900391,1080,8037.200195,2974.51001,3044.58,2065.61,596.539978,3265,6419.779785,17883
730881,6334.5,6739.299805,5917.149902,13826.650391,10881.200195,1373.72998,44784,10036.200195,1092.11,8047.100098,2970.75,3139.7,2065.61,591.340027,3284.100098,6518.580078,17723
730882,6297.5,6795.140137,5998.490234,13843.549805,10887.360352,1366.01001,45067,10116,1112.58,8057.399902,2968.610107,3264.76,2065.61,617.909973,3291.5,6496.890137,17673
730883,6251.799805,6704.680176,5899.720215,13779.549805,10983.629883,1373.469971,44579,10123,1098.44,7974,2988.429932,3247.87,2065.61,612.299988,3312.100098,6540.879883,17039
730884,6256.399902,6638.200195,5826.370117,13703.629883,10864.099609,1349.469971,44101,9848.5,1085.2,8007.5,3002.149902,3156.98,2065.61,608.47998,3304.699951,6522.22998,16915
730888,6293.399902,6693.029785,5852.350098,13269.849609,10957.419922,1352.26001,43740,9934.799805,1078.35,8062,3019.110107,3154.35,1995.31,586.580017,3276.300049,6447.100098,17007
730889,6225.700195,6578.959961,5752.140137,13366.009766,10946.719727,1340.890015,43139,9880.700195,1059.95,8023.200195,3015.800049,3130.1,1979.94,576.190002,3262.800049,6350.350098,16812
730890,6206.100098,6636.810059,5773.459961,13138.230469,10880.549805,1332.530029,43183,10020.799805,1048.35,7938.799805,3002.959961,3157.52,1930.14,591.570007,3277.800049,6330.970215,17243
730891,6164.299805,6497.069824,5712.359863,13422.830078,10781.450195,1314.76001,42549,9936.299805,1015.73,7920.100098,2997.699951,3169.71,1956.97,595.469971,3261.300049,6344.160156,17138
730895,6228.5,6557.930176,5739.029785,13274.700195,10903.320312,1318.800049,43057,10054.200195,1022.61,7901.600098,3012.310059,3196.18,1963.53,598.780029,3286.699951,6361.319824,17096
730896,6176.200195,6479.870117,5644.22998,13284.05957,10795.410156,1315.920044,42449,9759.700195,989.86,7813.200195,3013.659912,3211.32,1963.2,603.830017,3294.800049,6360.089844,17120
730897,6197.899902,6591.669922,5704.529785,13327.389648,10891.019531,1326.609985,42776,9865.299805,1022.5,7865.799805,3018.629883,3204.84,1946.48,603.630005,3272.199951,6395.189941,16937
730898,6088.299805,6439.259766,5595.129883,13175.490234,10799.820312,1301.530029,41856,9789.5,990.4,7757.399902,3001.580078,3221.37,1941.96,604.919983,3267.100098,6368.490234,16259
730902,5980.100098,6451.569824,5548.740234,13248.360352,10730.879883,1278.939941,41270,9680.5,987.22,7705.600098,2992.97998,3271.14,1953.22,608.73999,3250.800049,6246.359863,15911
730903,5972.399902,6347.990234,5474.370117,13100.080078,10526.580078,1255.27002,40938,9592.099609,981.01,7637.100098,2979.080078,3191.85,1909.33,594.530029,3261.100098,6007.669922,15594
730904,6003.100098,6277.990234,5452.47998,13073.360352,10526.80957,1252.819946,40563,9418.799805,963.05,7652.700195,2956.969971,3177.31,1907.26,583.409973,3240.300049,6030.759766,15910
730905,5943.700195,6075.339844,5322.839844,13246,10441.900391,1245.859985,39884,9344.799805,942.01,7607.200195,2952.780029,3164.45,1936.35,583.52002,3241.399902,5998.689941,16158
730910,5917.899902,6208.240234,5367.47998,12883.540039,10495.280273,1239.939941,40036,9551.400391,975.65,7701.799805,2999.600098,3129.06,1959.18,578.099976,3274.100098,6032.100098,15891
730912,5858.600098,6159.02002,5291.919922,12261.799805,10466.30957,1234.180054,39030,9570.900391,973.57,7533.5,2971.629883,3154.82,1985.11,559.440002,3280.199951,6133.339844,16581
730915,5931.299805,6216.379883,5368.830078,12322.160156,10562.299805,1241.410034,38994,9688.099609,981.96,7581.600098,2984.169922,3172.35,1984.2,565.380005,3288.399902,6110.140137,16537
730916,6012,6284.060059,5457.279785,12687.740234,10591.219727,1253.800049,39787,9892.099609,1008.49,7619.399902,2990.810059,3182.34,1990.06,568.150024,3280.300049,6252.950195,16324
730917,6001.799805,6305.640137,5483.680176,12723.889648,10729.599609,1261.890015,40014,9923.299805,1009,7605.200195,2984.73999,3174.21,1991.18,568.640015,3306.199951,6331.319824,16395
730918,6003.200195,6267.060059,5438.660156,12650.55957,10858.25,1264.73999,40019,9798.200195,989.13,7569.799805,2967.679932,3276.25,2000.9,579.280029,3289.399902,6361.069824,16227
730919,5917.299805,6204.419922,5368.890137,12627.900391,10644.620117,1233.420044,39277,9726.599609,971.14,7535.399902,2969.939941,3269.75,2011.66,565.76001,3276.899902,6270.959961,16123
730922,5826.5,6046.560059,5242.399902,12171.370117,10208.25,1180.160034,38174,9494.799805,903.67,7399.799805,2942.419922,3259.18,2012.55,545.049988,3265.800049,5963.370117,15527
730923,5720.700195,5962.930176,5186.870117,11819.700195,10290.799805,1197.660034,38179,9510.900391,902.51,7380.600098,2899.899902,3231.03,1998.7,527.969971,3211.399902,5991.950195,15584
730924,5626,5794.120117,5115.5,11843.589844,9973.459961,1166.709961,37808,9393,877.14,7225.700195,2849.51001,3063.39,2018.62,543.280029,3211,5813.839844,15245
730925,5729.200195,5889.950195,5177.660156,12152.830078,10031.280273,1173.560059,38103,9476.299805,896.76,7280,2818.02002,3135.93,2022.6,541.830017,3188.399902,5792.709961,15061
730926,5562.799805,5734.490234,5104.77002,12232.980469,9823.410156,1150.530029,37439,9290,869.92,7112.600098,2748.699951,3125.67,2020.24,538.669983,3197.100098,5878.569824,15237
730929,5551.600098,5657.290039,5048.600098,12190.969727,9959.110352,1170.810059,37466,9251.299805,862.04,7034.600098,2708.860107,3072.66,2036.62,534.330017,3161.5,5935.220215,14836
730932,5314.799805,5388.02002,4824.819824,12853.969727,9389.480469,1117.579956,35919,8531.799805,825.29,6574,2591.590088,3027.12,2087.53,527.049988,3135.800049,5636.47998,14067
730933,5402.299805,5544.669922,4951.129883,13214.540039,9504.780273,1139.829956,37000,8810.5,843.3,6736.100098,2635.290039,3047.75,2053.54,537.969971,3094.300049,5618.669922,14435
730936,5576.600098,5726.970215,5124.799805,13862.30957,9687.530273,1152.689941,37952,9063.400391,882.83,6987.700195,2747.080078,3082.64,2089.88,545.97998,3112.399902,5647.180176,14712
730937,5728.100098,5938.209961,5235.600098,13638.330078,9947.540039,1182.170044,38930,9263.299805,906.51,7011.200195,2770.870117,3057.89,2107.26,532.900024,3118.100098,5787.47998,14835
730938,5614,5817.52002,5150.430176,13765.509766,9785.349609,1153.290039,38381,9163.400391,863.12,6966.899902,2759.790039,3050.71,2106.87,528.789978,3127.399902,5700.370117,14632
730939,5588.399902,5879.299805,5157.919922,13072.360352,9799.05957,1147.949951,38952,9222.799805,842.99,7044.899902,2762.379883,3013.42,2101.66,523.799988,3125.300049,5648.620117,14282
730940,5633.700195,5829.950195,5180.450195,12999.700195,9878.780273,1160.329956,38996,9308.299805,831.77,7167.799805,2838.409912,3044.55,2112.77,523.219971,3096.899902,5727.890137,14438
730943,5618.5,5760.759766,5210.47998,12937.860352,9777.929688,1145.869995,39069,9324.299805,811.76,7035.299805,2878.959961,3032.08,2125.08,515.200012,3141.100098,5694.069824,13981
730944,5463.100098,5553.459961,5004,13124.469727,9485.709961,1106.459961,37940,9011.799805,790.71,6870.799805,2844.820068,2966.65,2123.05,503.26001,3138.899902,5575.049805,13737
730945,5535.700195,5597.660156,5071.819824,13242.780273,9515.419922,1103.25,38376,9172.400391,803.23,6825.399902,2823.689941,2967.58,2090.72,493.690002,3138.899902,5573.720215,13855
730947,5601.5,5698.879883,5139.709961,13383.759766,9791.089844,1128.430054,39064,9328.400391,825.13,6954.899902,2855.139893,3054.64,2108.61,506.220001,3175.5,5695.259766,14485
730950,5663.299805,5781.009766,5183.220215,12841.759766,9845.150391,1137.589966,39460,9453.5,856.15,7070.600098,2899.439941,3030.16,2117.37,497.459991,3158.5,5756.359863,14719
730951,5803,5913.839844,5331.22998,12620.269531,10102.740234,1168.380005,39889,9601.799805,881.87,7173.5,2915.340088,3073.88,2128.48,491.209991,3169.600098,5968.660156,15048
730952,5788.100098,5951.160156,5361.529785,13174.929688,10013.469727,1165.890015,39718,9613.900391,870.79,7235.899902,2890.949951,3087.04,2131.4,507.529999,3198.5,6002.899902,14819
730958,5761.100098,5935.580078,5340.97998,13067.089844,10216.730469,1191.810059,39987,9526.5,849.67,7247,2849.5,3185.5,2176.68,513.969971,3199.800049,6068.899902,14337
730959,5890.200195,6164.879883,5505.080078,13641.790039,10615.830078,1238.160034,40824,9797.799805,899.81,7338.5,2875.810059,3316.17,2172.56,540,3219.5,6143.859863,14955
730960,5871.600098,6181.910156,5480.049805,13868.280273,10693.709961,1253.689941,40614,9798,922.9,7286.100098,2868.669922,3285.96,2172.87,563.309998,3263.600098,6029.060059,14431
730961,5879.799805,6127.970215,5449.339844,13765.669922,10579.849609,1242.97998,40292,9547.5,888.21,7239.299805,2820.719971,3271.44,2152.33,556.289978,3243.699951,5950.790039,13696
730964,5871.299805,6051.47998,5396.850098,13715.599609,10532.230469,1224.359985,39574,9269.400391,867.23,7170.700195,2780.959961,3263.2,2150.43,560.940002,3241.5,5885.600098,13893
730965,5840.299805,6124.569824,5424.430176,13743.179688,10454.339844,1209.469971,40060,9418.900391,873.34,7269.600098,2803.350098,3230.75,2166.17,555.640015,3241.5,5887.040039,14068
730967,5868.299805,6123.660156,5481.72998,13973.030273,10692.349609,1234.52002,40036,9523.900391,890.15,7201.899902,2827.76001,3248.12,2105.06,561.619995,3253.899902,6007.100098,14757
730968,5951.399902,6175.240234,5575.970215,13934.320312,10810.049805,1253.050049,40470,9634.599609,910.58,7248.700195,2840.949951,3264.55,2115.11,556.630005,3237.300049,6008.029785,14928
730973,5904.200195,6213.839844,5572.910156,14421.639648,10876.679688,1267.430054,41124,9633.5,934.56,7369.899902,2839.610107,3267.3,2119.18,583.700012,3271.5,6109.200195,14897
730978,5870.299805,6122.620117,5498.52002,14529.410156,10935.169922,1263.51001,40377,9589.200195,932.66,7463.899902,2772.969971,3156.14,2119.18,596.5,3293.899902,6065.580078,14875
730979,5886.399902,6108.720215,5516.930176,14289.049805,10883.509766,1261.199951,40160,9658,918.73,7433,2772.189941,3155.52,2137.99,590.909973,3279.899902,6010.52002,14747
730980,5893.700195,6063.939941,5492.080078,14084.849609,10866.980469,1255.540039,39682,9654.299805,909.85,7373.399902,2778.320068,3112.9,2132.89,578.840027,3286.899902,6106.419922,14779
730981,5964,6165.180176,5606.459961,14017.790039,10910.44043,1255.180054,40136,9781.5,919.99,7488.100098,2818.110107,3111.48,2147.28,581.380005,3325.100098,6092.069824,14993
730982,5896.799805,6141.02002,5567.25,14043.919922,10821.30957,1245.670044,40162,9684.5,915.3,7518.799805,2825.209961,3120.39,2155.41,583.059998,3326.300049,6110.359863,14493
730985,5690.5,6064.680176,5487.720215,13873.019531,10877.330078,1248.920044,40294,9602.200195,904.9,7474.899902,2809.22998,3052.11,2178.47,584.080017,3319.199951,6042.029785,14237
730986,5842.899902,6070.379883,5544.129883,14054.030273,10872.969727,1249.439941,40050,9667.599609,902.28,7548.399902,2803.439941,3022.52,2191.06,581.299988,3326.600098,5987,14226
730987,5884,6148.439941,5522.689941,13694.269531,11215.919922,1284.98999,39958,9588.099609,910.54,7568.299805,2781.540039,3039.61,2199.5,572.400024,3316.800049,6033.970215,14714
730988,5904.600098,6173.810059,5592.649902,13910.669922,11248.580078,1288.48999,39899,9661.5,933.01,7639.799805,2775.719971,3059.42,2194.65,596.390015,3344.800049,6392.77002,14794
730989,5915,6186.870117,5638.240234,13877.769531,11301.740234,1291.959961,40043,9728.400391,944.96,7658.200195,2794.050049,3166.28,2203.37,600.539978,3339.899902,6527.600098,14884
730992,5941.600098,6249.870117,5652.040039,14176.830078,11337.919922,1312.829956,39765,9678.200195,970.59,7672,2772.290039,3178.97,2213.59,618.960022,3369.199951,6571.080078,15128
730993,5976.600098,6270.589844,5693.470215,14091.19043,11257.240234,1309.380005,40355,9626.900391,974.7,7705.799805,2791.629883,3147.35,2210.34,617.98999,3370.699951,6651.27002,14829
730994,5897.5,6215.25,5630.740234,14067.700195,11105.509766,1289.050049,40150,9632.599609,959.43,7699.399902,2802.350098,3165.52,2197.59,622.599976,3362,6782.509766,14692
730996,5889.799805,6223.569824,5581.939941,13765.919922,11005.370117,1277.890015,40119,9468.400391,956.06,7671.899902,2787.570068,3222.45,2193.58,624.109985,3361.699951,6711.339844,14310
731000,5863.899902,6120.330078,5542.27002,13773.889648,11039.139648,1267.930054,39855,9487.200195,941.91,7615.5,2790.320068,3132.41,2180.28,632.049988,3348.399902,6665.540039,14454
731001,5796.899902,6041.220215,5444.27002,13493.349609,10872.639648,1248.079956,39101,9439.900391,922.6,7559,2813.179932,3102.71,2211.2,628.419983,3339.899902,6586.930176,14489
731002,5796.200195,6123.259766,5454.189941,13262.139648,10911.94043,1255.819946,38996,9500.700195,926.68,7487.600098,2786.159912,3088.66,2214.26,612.159973,3317.199951,6595.390137,14650
731003,5809.600098,6125.169922,5432.709961,13261.839844,10990.410156,1260.670044,38747,9399.400391,917.07,7526.5,2783.47998,3010.29,2219.59,607.070007,3327.300049,6619.660156,14792
731007,5922.600098,6242.129883,5516.27002,13182,11175.839844,1283.569946,38986,9601.799805,944.46,7593.200195,2849.280029,2910.55,2234.99,597.659973,3354.5,6672.350098,15395
731008,5901.5,6192.439941,5496.490234,13174.839844,11070.240234,1270.030029,38547,9530.700195,932.86,7581.399902,2896.879883,2902.83,2238.5,597.659973,3355.199951,6790.97998,15329
731009,5948.299805,6184.25,5453.390137,13277.509766,11090.740234,1276.959961,38867,9516.799805,920.74,7588.700195,2878.429932,2983.48,2229.81,601.140015,3367.199951,6840.629883,15464
731010,5950.600098,6187.209961,5439.930176,13430.219727,10977,1264.959961,39184,9607.299805,907.7,7547.600098,2879.699951,2961.05,2223.07,621.780029,3365.399902,6783.720215,15366
731014,5804,6059.149902,5311.939941,12840.099609,10948.379883,1255.849976,38425,9444,877.64,7405.299805,2837.780029,2887.92,2222.96,607.150024,3335.100098,6796.819824,15173
731015,5820.200195,6111.939941,5353.629883,12823.450195,10871.620117,1241.599976,38554,9522.5,876.85,7475.799805,2857.090088,2899.32,2242.42,614.049988,3324.5,6802.370117,15403
731017,5723,5915.180176,5243.839844,12790.379883,10623.639648,1214.359985,37469,9363.299805,866.96,7328.200195,2805.959961,2859.66,2210.97,618.960022,3351.199951,6670.720215,14985
731020,5671.600098,5869.040039,5160.279785,12697.790039,10645.379883,1208.430054,36900,9018.700195,851.79,7318.5,2813.709961,2843.4,2167.65,608.780029,3322.5,6489.560059,14355
731021,5680.399902,5922.529785,5199.410156,12574.259766,10596.669922,1212.579956,37061,9047.900391,850.67,7269.5,2810.459961,2832.97,2170.45,608.909973,3322.699951,6359.060059,14401
731022,5699.600098,5876.040039,5170.490234,12674.639648,10647.330078,1223.140015,36683,9021.5,839.76,7218.299805,2841.570068,2806.65,2163.12,595.719971,3348.399902,6455.149902,14571
731023,5641.399902,5926.379883,5134.970215,12962.429688,10715.429688,1237.040039,36402,8920.900391,845.34,7221.399902,2846.050049,2799.76,2189.15,595.530029,3347.199951,6543.390137,14823
731024,5665.700195,5941.77002,5183.669922,13044.610352,10604.589844,1225.349976,36629,8925.200195,845.34,7161.200195,2848.320068,2786.39,2206.07,599.080017,3364.699951,6539.649902,14682
731027,5661.899902,5902.319824,5213.459961,12896.469727,10504.219727,1218.599976,36993,8964.299805,849.77,7164.200195,2839.159912,2702.2,2230.2,598.02002,3355.600098,6562.660156,14540
731028,5555.700195,5847.790039,5090.72998,12978.820312,10472.480469,1216.76001,36568,8792.700195,845.13,7067.200195,2834.48999,2638.27,2233.59,588.710022,3370,6582.169922,14460
731029,5607.899902,5833.100098,5057.720215,12828.980469,10434.839844,1211.069946,36700,8787.599609,849.83,6997.399902,2846.649902,2698.19,2229.83,584.76001,3347.5,6587.680176,14308
731030,5638.399902,5971.77002,5133.560059,12679.879883,10566.209961,1226.199951,37159,8855.900391,876.58,7150.700195,2860.439941,2697.81,2219.25,583.27002,3358.199951,6607.200195,14391
731031,5642.5,6058.379883,5225.330078,12969.049805,10502.400391,1224.380005,37315,8878.400391,879.73,7240.200195,2885.030029,2741.18,2218.03,595.130005,3425.199951,6666.169922,14560
731034,5716.700195,6109.5,5296.509766,12751.179688,10593.719727,1236.719971,38130,9073.299805,896.75,7316,2900.810059,2735.66,2205.99,596.73999,3377.699951,6797.109863,14555
731035,5639.899902,6056.839844,5205.779785,12817.410156,10571.110352,1234.449951,37842,9015.900391,889.79,7242.799805,2886.649902,2682.8,2211.83,594.309998,3390.100098,6840.740234,14353
731037,5549.600098,5999.189941,5123.830078,12607.299805,10479.860352,1219.23999,37625,8787.599609,853.13,7112,2907.719971,2654.18,2181.66,593.609985,3325.300049,6814.620117,14048
731038,5479.200195,5862.100098,4999.359863,12306.080078,10252.679688,1190.589966,36802,8501.900391,823.02,6971.899902,2883.429932,2651.18,2170.52,578.539978,3302.199951,6715.810059,13907
731042,5467.899902,5816.319824,4973.399902,12300.410156,10175.639648,1181.52002,36629,8465.099609,819.75,6893.899902,2877.129883,2507.18,2189.78,558.599976,3304.199951,6713.040039,13570
731043,5391.899902,5801.799805,4914.680176,12005.110352,10241.019531,1180.180054,36180,8266.099609,814.03,6808.799805,2870.780029,2436.65,2168.74,553.650024,3323.899902,6564.140137,13812
731044,5481.600098,5889.879883,4961.430176,12407.950195,10478.990234,1208.140015,36205,8166.700195,832.25,6929,2897.459961,2506.02,2165.49,559.950012,3337.800049,6470.879883,13916
731045,5537,5928.009766,5025.240234,12355.150391,10539.05957,1215.680054,36336,8303.900391,841.92,6941.299805,2929.350098,2422.7,2161.34,548.48999,3342.100098,6452.120117,14078
731048,5517.100098,5853.759766,5022.759766,12343.370117,10472.120117,1202.449951,36253,8296.099609,834.78,6934.5,2934.310059,2314.08,2146.24,548.929993,3365.300049,6377.310059,13811
731050,5404.600098,5728.370117,4867.5,11892.580078,10569.830078,1207.709961,35153,8210.099609,813.82,6857.600098,2948.540039,2452.59,2146.54,540.530029,3339.600098,6388.259766,13791
731051,5437.399902,5829.689941,4930.390137,11908.389648,10610,1215.02002,35646,8354.200195,834.2,6992.299805,2965.810059,2588.12,2150.26,545.73999,3339,6418.839844,13762
731055,5405.299805,5791.72998,4911.919922,11609.629883,10424.419922,1191.030029,35707,8378.900391,825.14,6927.5,2952.669922,2592,2169.01,524.210022,3317.300049,6422.709961,14068
731056,5320.200195,5663.259766,4855.600098,11883.25,10241.120117,1171.650024,35616,8373.799805,811.51,6772.700195,2944.110107,2615.93,2136.45,526.619995,3298,6377.810059,13738
731057,5275.700195,5582.759766,4773.169922,11891.610352,10405.669922,1190.48999,35355,8153.5,798.82,6667.299805,2916.330078,2621.64,2112.26,526.080017,3265.100098,6411.529785,13956
731058,5286.100098,5675.759766,4842.120117,11858.55957,10455.629883,1202.930054,35575,8231,811.63,6683.899902,2897.550049,2662.75,2094.01,529.219971,3231.899902,6502.689941,13810
731059,5403.100098,5754.859863,4967.149902,11798.080078,10416.669922,1205.819946,36070,8217,837.1,6760.799805,2911.27002,2729.36,2065.73,541.130005,3240.5,6522.200195,13910
731062,5446.700195,5792.189941,5033.709961,11579.269531,10401.719727,1204.52002,36400,8417.900391,854.49,6817.899902,2923.889893,2673.98,1956.82,533.530029,3263.199951,6538.279785,13704
731063,5529.100098,5861.189941,5085.509766,11860.769531,10522.80957,1211.22998,36507,8480,868.86,6847.299805,2928.97998,2727.21,1920.32,541.549988,3270.800049,6474.399902,13754
731064,5546.899902,5835.22998,5111.580078,11959.330078,10510.009766,1215.930054,36744,8557.299805,868.01,6916.399902,2944.98999,2740.57,1986.93,562.789978,3317,6573.100098,13743
731065,5584.5,5777.279785,5088.700195,12399.200195,10551.179688,1220.75,36527,8608.700195,866.41,6940.600098,2935.050049,2791.11,1957.02,567.460022,3346.100098,6707.910156,13823
731066,5547.600098,5735.879883,5031.290039,12241.969727,10512.780273,1214.349976,36458,8564.700195,854.42,6877.799805,2924.530029,2806.18,1958.69,568.690002,3348.399902,6702.930176,13838
731069,5526.399902,5746.040039,5066.25,12243.900391,10401.30957,1200.47998,36788,8636.200195,855.41,6898.5,2931.790039,2791.42,1882.13,569.369995,3347.899902,6633.939941,14047
731070,5536.799805,5752.509766,5051.620117,12319.459961,10458.740234,1204.400024,36861,8567.700195,858.19,6893.299805,2921.810059,2669.54,1903.93,567.5,3348.100098,6638.839844,14036
731071,5476.5,5614.509766,4986.22998,12163.669922,10293.5,1183.530029,36593,8439.200195,843.62,6875.700195,2924.419922,2635.84,1895.17,565.940002,3344.100098,6651.439941,13919
731072,5402.899902,5512.279785,4888.299805,11754.55957,10298.55957,1183.430054,36275,8292,825.07,6722.700195,2891.570068,2634.89,1924.59,549.669983,3358.199951,6599.609863,13834
731073,5427.200195,5433.490234,4846.02002,11735.05957,10416.25,1190.160034,35738,8203,816.1,6623.399902,2892.27002,2624.08,1955.04,555.340027,3343.899902,6628.490234,13915
731076,5431.100098,5453.77002,4920.350098,11477.55957,10415.910156,1191.290039,35904,8337.700195,819.26,6707.799805,2888.320068,2611.12,1955.1,562,3327.199951,6655.109863,13771
731077,5507.799805,5520.709961,4962.640137,11917.950195,10412.169922,1186.72998,36202,8450,835.44,6818.600098,2893.51001,2690.46,1939.54,577.150024,3315.5,6671.240234,13829
731079,5389.799805,5361.919922,4882.620117,11515.019531,10392.519531,1181.660034,35800,8322.900391,813.56,6712,2872.860107,2706.71,1919.65,580.950012,3273.5,6445.149902,13509
731080,5342.100098,5222.120117,4777.370117,11445.540039,10240.780273,1161.969971,35092,8200.099609,799.65,6660,2837.51001,2693.17,1924,580.98999,3275.399902,6218.459961,13044
731083,5357.5,5207.830078,4791.430176,11257.94043,10320.070312,1171.410034,35050,8190.299805,791.67,6625.399902,2842.139893,2687.05,1934.49,567.090027,3237,6245.419922,13115
731084,5430.299805,5216.109863,4834.870117,11280.379883,10174.139648,1157.26001,35109,8196,807.76,6735.399902,2848.090088,2687.51,1938.87,568.679993,3263.5,6276.089844,12892
731085,5408.700195,5220.209961,4812.140137,11396.429688,10276.900391,1165.310059,35243,8305.599609,815.4,6662.899902,2848.560059,2691.12,1903.45,574.869995,3255.100098,6333.140137,12952
731086,5396.5,5254.040039,4809.5,11126.919922,10229.150391,1162.089966,35377,8401.299805,822.98,6621.200195,2874.26001,2696.98,1902.99,570.070007,3264.199951,6294.290039,12751
731087,5471.899902,5387.5,4916.560059,11166.30957,10423.169922,1184.930054,35990,8540.599609,839.7,6718,2896.100098,2743.91,1886.8,569.309998,3288.199951,6416.77002,13001
731090,5471.899902,5406.470215,4905.790039,11275.009766,10382.349609,1179.209961,35875,8515.599609,836.98,6763.899902,2898.169922,2787.38,1827.25,578.73999,3308.100098,6399.930176,12996
731091,5434.700195,5308.779785,4815.720215,11189.400391,10222.030273,1161.51001,35538,8372.900391,826.85,6666.100098,2895.850098,2805.88,1843.39,576.51001,3310.100098,6302.689941,13018
731092,5417.600098,5305,4834.890137,10979.759766,10090.900391,1148.560059,35643,8425.299805,820.16,6580.600098,2900.01001,2775.7,1847.54,565.630005,3288.399902,6324.910156,13077
731093,5332.700195,5162.399902,4703.870117,10938.450195,9919.580078,1129.030029,34906,8232.099609,797.95,6522.100098,2890.889893,2769.02,1839.63,564.359985,3264.899902,6310.169922,12892
731094,5345,5188.169922,4689.339844,10713.509766,9949.75,1133.579956,34643,8321.099609,793.64,6582.399902,2893.110107,2762.12,1834.14,545.109985,3217.800049,6310.700195,12841
731098,5379.600098,5208.100098,4673.97998,10772.589844,9997.490234,1132.939941,34287,8291.200195,784.24,6562.899902,2885.110107,2717.88,1862.36,558.789978,3228.199951,6172.25,12767
731099,5316.100098,5048.080078,4571.560059,10598.790039,10033.269531,1131.73999,33176,8117.299805,760.81,6508.100098,2888.129883,2680.99,1868.27,551.909973,3231.100098,6088.450195,12591
731100,5204.299805,4875.370117,4480.75,10650.330078,9840.839844,1106.400024,32047,7904.700195,750.08,6395.5,2853.590088,2669.7,1861.56,552.590027,3208.399902,5875.859863,12255
731104,5033.700195,4670.129883,4383.740234,10195.69043,9605.509766,1092.540039,31512,7678.700195,733.1,6128.299805,2730.139893,2536.97,1856.53,550.72998,3183.5,5856.189941,11922
731111,4898.899902,4243.680176,4015.459961,9504.410156,8920.700195,1038.77002,27698,7094.799805,708.92,5803.600098,2503.02002,2207.94,1784.61,468.76001,2895.399902,5316.77002,10550
731112,4848.700195,4194.850098,3970.179932,9679.879883,8903.400391,1032.73999,27135,7043.799805,695.92,5734.5,2495.22998,2206.24,1798.62,484.929993,2948.5,5297.859863,10554
731113,4721.700195,4041.800049,3888.929932,9939.599609,8759.129883,1016.099976,26515,6933.600098,683.78,5652.100098,2483.379883,2247.57,1822.69,486.75,2974.100098,5256,10745
731114,4556.899902,3809.669922,3738.179932,9785.160156,8376.209961,984.539978,25146,6725.299805,659.17,5399.100098,2400.350098,2133.46,1818.42,480.269989,2924.899902,5081.919922,10543
731115,4433.700195,3787.22998,3652.870117,9554.990234,8235.80957,965.799988,23896,6498.399902,653.62,5110.200195,2322.600098,2105.56,1807.02,472.309998,2884.5,5087.939941,10419
731119,4663.399902,4009.120117,3902.850098,9693.969727,8659.969727,1012.27002,26542,7000.5,695.18,5619.899902,2466.810059,2163.45,1793.88,472.130005,2904.5,5304.379883,10229
731120,4696.100098,4095.320068,3975.530029,9641.700195,8567.389648,1007.039978,27091,7050.899902,680.77,5725.399902,2493.659912,2158.04,1767.81,472.850006,2932.100098,5324.839844,10006
731121,4763.600098,4184.5,4013.22998,9696.530273,8681.419922,1018.609985,27645,7197.899902,684.92,5829.799805,2551.620117,2172.46,1764.93,472.380005,2941.600098,5306.080078,10405
731122,4903.399902,4308.149902,4079.02002,9774.679688,8847.55957,1040.939941,29001,7314,703.22,6014.200195,2642.550049,2226.05,1764.87,479.679993,2988,5403.529785,10636
731128,5016.200195,4548.129883,4195.799805,10205.480469,9060.879883,1069.630005,29828,7466.299805,725.32,6012.399902,2695.98999,2272.14,1764.87,500.640015,3067.5,5499.310059,10062
731129,5036,4487.689941,4164.759766,10205.870117,9119.769531,1071.380005,29070,7169.299805,724.81,5954.899902,2682.939941,2249.59,1764.87,501.920013,3114.199951,5528.549805,10197
731133,5009.799805,4472.419922,4176.970215,10011.769531,9052.44043,1056.75,29265,7278.399902,712.52,5935.799805,2669.189941,2220.41,1744.64,507.609985,3087.699951,5558.859863,10284
731134,5153.100098,4613.189941,4319.379883,9964.879883,9240.860352,1080.98999,30270,7529.600098,736.52,5976.899902,2700.959961,2237.1,1686.61,503.459991,3073.699951,5684.899902,10462
731135,5164.899902,4718.459961,4330.680176,10347.009766,9410.450195,1097.430054,30939,7553.100098,762.82,6105.200195,2722.699951,2267.77,1638.33,517.049988,3133.100098,5808.220215,10785
731139,5067.299805,4548.47998,4213.910156,10452.540039,9347.620117,1089.97998,29763,7511.899902,743.73,5994.399902,2628.639893,2262.29,1687.28,513.98999,3133.899902,5500.100098,11329
731140,5082.600098,4626.47998,4308.490234,10637.820312,9384.230469,1097.540039,30282,7643.700195,747.55,5993,2617.679932,2303.71,1655.9,521.909973,3145.800049,5542.609863,11258
731141,5203.399902,4644.819824,4411.509766,10755.450195,9232.969727,1077.089966,30939,7918.600098,779.63,6025.600098,2605.889893,2350.53,1643.07,528.289978,3170,5541.879883,11271
731142,5116,4574.370117,4338.089844,10474.849609,9163.219727,1068.609985,30646,7802.299805,758.42,6092.399902,2604.570068,2344.37,1615.58,524.210022,3134.100098,5529.75,10995
731143,5017.700195,4513.529785,4264.890137,10538.790039,9204.110352,1073.47998,29987,7590.700195,741.79,6070.299805,2573.52002,2345.51,1572.45,528.039978,3111.399902,5588.22998,11332
731147,5193.299805,4704.220215,4455.759766,10861.55957,9340.080078,1084.780029,31676,7963.100098,766.96,6276.799805,2647.570068,2405.22,1670.56,530.5,3149.300049,5571.27002,11613
731148,5167.600098,4811.819824,4486.350098,10802.150391,9345.620117,1085.199951,31678,8096.700195,770.99,6279.399902,2643.379883,2391.34,1718.06,541.48999,3182.100098,5708.279785,11468
731149,5086.600098,4715.600098,4378.450195,10880.099609,9462.900391,1100.089966,30900,7879.299805,751.98,6193.299805,2612.639893,2365.1,1676.5,542.190002,3189.100098,5729.129883,11724
731150,5188.700195,4820.259766,4478.629883,10795.160156,9545.169922,1104.609985,31790,7958.299805,777.14,6256.700195,2646.97998,2370.46,1677.88,543.409973,3209.800049,5693.120117,11781
731153,5085.899902,4660.350098,4383.240234,10612.30957,9269.5,1078.300049,31295,7792.700195,757.88,6140.299805,2616.77002,2388.74,1700.48,547.869995,3189.800049,5599.129883,11377
731154,5003.600098,4543.97998,4251.930176,10512.820312,9121.980469,1059.790039,30063,7562.5,735.34,6008,2586.01001,2382.73,1682.77,533.869995,3187.399902,5529.180176,11024
731155,5039.700195,4559.129883,4341.290039,10366.339844,9075.139648,1059.780029,30595,7774.299805,741.92,6081,2605.300049,2468.26,1689.17,537.809998,3185.300049,5537.040039,11365
731156,5071.200195,4636.129883,4366.939941,10347.280273,9263.900391,1084.099976,30658,7754.799805,743.8,6102.799805,2606.5,2554.55,1707.75,544.090027,3185.699951,5610.77002,11388
731160,5209.100098,4755.109863,4485.339844,10447.540039,9441.030273,1102.839966,31224,7926,771.17,6223.700195,2651.629883,2590.1,1679.57,561.619995,3164.199951,5681.069824,12165
731161,5214.100098,4707.649902,4461.689941,10633.719727,9591.120117,1118.859985,30765,8017.799805,779.64,6234.799805,2662.51001,2593.42,1671.28,565.469971,3219.300049,5677.790039,12416
731162,5216.299805,4860.660156,4493.27002,10284.980469,9554.370117,1115.800049,31107,8118.399902,784.42,6251.299805,2690.469971,2633.24,1594.05,562.030029,3190.399902,5638.040039,12616
731163,5278.100098,4993.569824,4573.040039,10431.790039,9587.519531,1118.540039,31759,8363.299805,802.89,6396.799805,2718.290039,2634.9,1605.87,573.039978,3205.300049,5649.870117,12554
731164,5244.200195,4910.069824,4514.279785,10215.709961,9608,1120.310059,31471,8222,788.97,6341,2664.330078,2654.83,1630.36,576.75,3221.399902,5596.379883,12731
731167,5146.200195,4820.370117,4376.580078,10081.55957,9554.370117,1118.329956,30580,8059.799805,775.47,6229.100098,2625.530029,2605.43,1621.19,584.47998,3238.699951,5524.569824,12567
731168,5277.100098,4946.970215,4565.680176,10030.55957,9750.950195,1139.089966,31556,8383.099609,806.59,6384.600098,2673.27002,2631.43,1615.93,588.830017,3224.899902,5663.350098,12918
731169,5240.799805,4953.529785,4575.089844,10086.759766,9823.610352,1141.209961,31527,8463.599609,812.79,6416.700195,2697.280029,2690.14,1617.1,606.679993,3267,5751.720215,12826
731171,5291,5062.640137,4587.299805,10649.089844,9866.990234,1138.650024,32220,8536.599609,835.52,6565,2680.870117,2763.3,1646.76,610.880005,3257.5,5712.459961,12883
731174,5338,5185.100098,4660.490234,10727.94043,9976.459961,1151.060059,33030,8691.099609,840.36,6605.600098,2707.080078,2796.96,1669.89,626.429993,3267.300049,5699.189941,12987
731176,5313.799805,5087.029785,4557.029785,10661.080078,9834.679688,1137.030029,32410,8425.400391,820.97,6496.100098,2697.139893,2765.56,1705.66,615.450012,3272.5,5674.410156,12794
731181,5302.5,5114.120117,4564.379883,11064.299805,9982.75,1157.420044,32486,8563.099609,848.48,6471.299805,2648.199951,2685.93,1705.89,674.559998,3284.699951,5759.490234,13760
731182,5266,5059.569824,4485.819824,10948.889648,9872.599609,1149.5,31883,8439.299805,841.51,6407.799805,2606.929932,2700.13,1722.59,670.099976,3291.399902,5860.439941,13603
731183,5205.200195,4915.950195,4445.5,10624.80957,9711.860352,1128.52002,31788,8348.299805,829.9,6286.299805,2585.189941,2699.07,1735,632.02002,3290.699951,5848.209961,13019
731184,5208.5,4936.080078,4445.870117,10655.959961,9829.419922,1140.199951,31912,8272.900391,826.9,6299,2603.790039,2698.61,1732.3,628.859985,3267.5,5841.339844,12736
731185,5203.600098,4989.910156,4476.060059,10697.44043,9851.55957,1139.449951,31885,8364.700195,835.06,6237,2633.820068,2694.02,1747.99,643.890015,3276.899902,5832.830078,12932
731188,5164.600098,4988.439941,4463.839844,10370.620117,9763.959961,1129.900024,31593,8302.900391,832.06,6238.899902,2599.560059,2679.68,1762.56,650.659973,3268.600098,5870.930176,13336
731189,5212.100098,5013.990234,4529.240234,10452.650391,9893.839844,1144.800049,32003,8514.599609,848.53,6377,2596.51001,2682.69,1769.68,649.900024,3263.199951,5931.430176,13147
731190,5333.5,5262.75,4677.549805,10713.80957,10114.290039,1170.349976,33225,8825.5,884.67,6474.299805,2618.399902,2703.08,1745.23,688.309998,3286.300049,6099.279785,13382
731192,5264.700195,5199.029785,4642.939941,10796.889648,10049.459961,1158.310059,33171,8703.200195,871.58,6443.700195,2635.780029,2704.12,1745.41,704.5,3312.699951,6141.189941,13299
731195,5185,5124.680176,4556.290039,10571.009766,9921.450195,1139.930054,32364,8559.900391,858.48,6351.899902,2620.100098,2661.96,1748.68,668.77002,3301.600098,6126.379883,13446
731196,5160.799805,5146.450195,4551.939941,10473.910156,9888.370117,1136.76001,32408,8636.700195,862.2,6328.5,2606.320068,2645.38,1728.88,670.080017,3300.199951,6150.259766,13348
731198,5074.899902,4966.049805,4410.660156,10433.450195,9766.450195,1119.380005,31144,8319.5,831.64,6254.700195,2585.620117,2565.29,1688.01,676.590027,3259,6075.060059,13148
731199,5061,4909.419922,4340.02002,10511.650391,9811.150391,1123.089966,30997,8281.599609,819.87,6184.299805,2580.830078,2571.71,1675.51,665.200012,3237.699951,6139.069824,12959
731202,5136.299805,5067.990234,4485.169922,10323.349609,9891.969727,1134.359985,32003,8543.099609,832.64,6301.700195,2618.379883,2562.82,1665.94,648.280029,3236,6271.490234,12912
731203,5151.100098,5039.640137,4480.100098,10432.169922,9998.389648,1142.920044,31759,8474.099609,836.05,6267.700195,2623.600098,2578.06,1687.29,643.76001,3264.399902,6268.970215,13397
731204,5120.600098,4984.689941,4467.919922,10471.929688,10070.490234,1149.560059,31437,8327,820.67,6190.799805,2643.310059,2611.3,1672.7,647.049988,3267.699951,6250.740234,13290
731205,5080.200195,4934.140137,4426.720215,10434.519531,9985.179688,1139.930054,31002,8232.799805,807.61,6296.399902,2628.050049,2584.98,1631.54,664.51001,3286.100098,6263.290039,12918
731206,5159.200195,5019.009766,4499.339844,10335.450195,10035.339844,1144.890015,31729,8284.900391,824.57,6364.600098,2660.610107,2564.21,1640.14,644.710022,3314.100098,6380.600098,13369
731212,5213.200195,5117.129883,4591.160156,10457.610352,10131.30957,1157.130005,32271,8434.900391,839.23,6410.600098,2755.939941,2581.9,1627.92,668.549988,3354.699951,6419.189941,13756
731213,5242.399902,5160.100098,4624.580078,10542.620117,10136.990234,1161.02002,32317,8397.599609,846.49,6417.799805,2782.01001,2591.56,1639.48,693.700012,3363.800049,6467.089844,13578
