Date,UK,Germany,France,Japan,DJI,SP500,Italy,Spain,Sweden,Switzerland,Belgium,Greece,China,Korea,Australia,Mexico,Brazil
733411,6348.5,7808.689941,5446.790039,14691.410156,12800.179688,1411.630005,37450,14602.299805,1014.63,8130,4094.379883,5112.22,5361.57,1863.900024,6385.399902,28317.919922,61037
733414,6335.700195,7817.169922,5452.830078,14500.549805,12827.490234,1416.180054,37601,14667,1011.49,8110.600098,4097.279785,5108.04,5393.34,1831.140015,6240.399902,28152.560547,60772
733415,6356.5,7849.990234,5495.669922,14528.669922,12589.070312,1390.189941,37571,14670.5,1024.42,8316.400391,4097.169922,5143.93,5386.53,1826.22998,6205.700195,28267.779297,62081
733416,6272.700195,7782.709961,5435.419922,14599.160156,12735.30957,1409.130005,37321,14603.5,1003.69,8339.799805,4065.320068,5072.65,5435.81,1844.469971,6159.5,28401.609375,62674
733417,6222.700195,7713.089844,5400.430176,14388.110352,12853.089844,1420.329956,37293,14524,989.7,8290.799805,4051.530029,4962.53,5456.54,1824.780029,6147.299805,29069.560547,63515
733418,6202,7717.950195,5371.410156,14110.790039,12606.299805,1401.02002,37364,14458,987.94,8159.700195,4022.929932,4858.35,5484.68,1782.27002,6054.399902,28723.820312,61942
733422,6025.600098,7566.379883,5250.819824,13972.629883,12501.110352,1380.949951,36682,13945.200195,972.15,7973.899902,3900.330078,4647.11,5443.79,1746.949951,6019.799805,27961.849609,59907
733423,5942.899902,7471.569824,5225.390137,13504.509766,12466.160156,1373.199951,36632,13817.099609,965.63,7847.5,3801.370117,4523.76,5290.61,1704.969971,5870.799805,27343.570312,58777
733424,5902.399902,7413.529785,5157.089844,13783.450195,12159.209961,1333.25,36238,13775.599609,966.29,7788.100098,3767.540039,4533.32,5151.63,1723.550049,5857,26698.660156,57037
733425,5901.700195,7314.169922,5092.399902,13861.290039,12099.299805,1325.189941,35753,13655.400391,957.63,7692,3695.129883,4587.09,5180.51,1734.719971,5799.399902,26713.830078,57506
733429,5740.100098,6769.470215,4842.540039,12573.049805,11971.19043,1310.5,34302,12839.700195,955.93,7487.899902,3548.649902,4253.25,4559.75,1609.02002,5222,26892.740234,56097
733430,5609.399902,6439.209961,4636.759766,12829.05957,12270.169922,1338.599976,32940,12254.599609,921.28,7356.100098,3460,4098.75,4703.05,1628.420044,5445.600098,27620.330078,54235
733431,5875.799805,6821.069824,4915.290039,13092.780273,12378.610352,1352.069946,34237,13106.700195,958.55,7691,3684.360107,4426.53,4717.73,1663,5605.799805,27905.130859,57463
733436,5885.200195,6892.959961,4941.450195,13478.860352,12480.299805,1362.300049,34565,13246.599609,956.97,7704.399902,3768.409912,4518.16,4457.94,1637.910034,5754.5,28263.949219,59530
733437,5837.299805,6875.350098,4873.569824,13345.030273,12442.830078,1355.810059,34274,13217.099609,951.14,7671.799805,3767.060059,4487.15,4417.85,1589.060059,5665.299805,28296.800781,60289
733438,5879.799805,6851.75,4869.790039,13592.469727,12650.360352,1378.550049,34230,13229,949.04,7670.399902,3722.22998,4362.79,4383.39,1624.680054,5697,28793.640625,59490
733439,6029.200195,6968.669922,4978.060059,13497.160156,12743.19043,1395.420044,34615,13494.700195,976.43,7816,3809.629883,4436.36,4320.77,1634.530029,5882.299805,29429.929688,61080
733451,5880.100098,6973.669922,4855.399902,13068.299805,12552.240234,1367.209961,34014,13266.700195,949.05,7536.5,3713.959961,4352.41,4490.72,1631.780029,5615.299805,29306.759766,62591
733452,5879.299805,6962.279785,4858.649902,13626.450195,12376.980469,1348.859985,34123,13313.200195,950.84,7502,3761.879883,4424.7,4552.32,1697.449951,5748.200195,29138.919922,61819
733453,5787.600098,6832.430176,4771.790039,13622.55957,12348.209961,1349.98999,33568,13073.900391,938.79,7353,3662.780029,4320.67,4497.13,1694.77002,5679.799805,28744.810547,61272
733457,5966.899902,7002.290039,4885.830078,13757.910156,12337.219727,1348.780029,34120,13269.700195,967.42,7462.700195,3766.22998,4353.61,4664.29,1720.52002,5688.600098,28899.970703,62297
733458,5893.600098,6899.680176,4812.810059,13310.370117,12427.259766,1360.030029,33816,13080.400391,954.53,7381.600098,3734.169922,4285.54,4567.03,1687.910034,5577.299805,29224.439453,63747
733459,5932.200195,6904.850098,4858.850098,13688.280273,12284.299805,1342.530029,33877,13173,959.79,7486.100098,3726.719971,4344.93,4527.18,1704.359985,5663,29361.320312,63792
733460,5888.5,6806.290039,4824.549805,13500.459961,12381.019531,1353.109985,33428,13017.5,944.13,7454.799805,3662.419922,4350.03,4370.29,1686.449951,5644.5,29528.789062,64609
733463,5999.5,6882.560059,4919.259766,13914.570312,12570.219727,1371.800049,33931,13156.599609,961.88,7615.799805,3733.959961,4377.15,4192.53,1709.130005,5699.799805,29962.880859,65001
733464,6087.399902,6985.970215,4973.069824,13824.719727,12684.919922,1381.290039,34433,13436.599609,980.1,7743.200195,3794.860107,4377.85,4238.18,1709.130005,5745.799805,30228.080078,65183
733465,6076.5,6997.850098,4968.819824,14031.299805,12694.280273,1380.02002,34532,13454.299805,986.3,7782.5,3787.530029,4316.59,4334.05,1720.890015,5842.5,30424.759766,65495
733466,5965.700195,6862.52002,4865.22998,13925.509766,12582.179688,1367.680054,34082,13272.099609,971.08,7663,3762.679932,4208.34,4299.51,1736.170044,5746.100098,30130.470703,65555
733467,5884.299805,6748.129883,4790.660156,13603.019531,12266.389648,1330.630005,33587,13170.400391,965.29,7533.899902,3757.120117,4133.03,4348.54,1711.619995,5674.700195,28918.519531,63489
733470,5818.600098,6689.950195,4742.660156,12992.179688,12258.900391,1331.339966,33173,12862.5,954.22,7403.899902,3704.379883,4053.06,4438.27,1671.72998,5510.700195,29526.699219,64490
733473,5766.399902,6591.310059,4678.049805,13215.419922,12040.389648,1304.339966,32819,12803.299805,938.07,7269.899902,3673.300049,3997.48,4360.99,1697.439941,5531.899902,28717.039062,62975
733474,5699.899902,6513.990234,4618.959961,12782.799805,11893.69043,1293.369995,32179,12691.299805,925.54,7174.100098,3635.060059,3926.19,4300.52,1663.969971,5368.899902,28612.75,61868
733478,5690.399902,6524.569824,4627.689941,12658.280273,12156.80957,1320.650024,32475,13056.099609,929.63,7143,3669.919922,3986.44,4165.88,1641.47998,5211.100098,29466.169922,62368
733479,5776.399902,6599.370117,4697.100098,12861.129883,12110.240234,1308.77002,32518,13131.299805,947.79,7245,3743.919922,4045.22,4070.12,1658.829956,5334.100098,29283.400391,62177
733480,5692.399902,6500.560059,4630.189941,12433.44043,12145.740234,1315.47998,31977,13073.200195,936.52,7251.700195,3706.040039,3892.35,3971.26,1615.619995,5215.700195,29703.089844,62280
733481,5631.700195,6451.899902,4592.149902,12241.599609,11951.089844,1288.140015,31659,13021.400391,924.22,7132,3676.879883,3924.37,3962.67,1600.26001,5288.5,29048.509766,61991
733485,5605.799805,6393.390137,4582.589844,11964.160156,12392.660156,1330.73999,31437,13030.5,914.55,7013.899902,3659.75,3869.56,3668.9,1588.75,5163.799805,29515.550781,61933
733486,5545.600098,6361.220215,4555.950195,12260.44043,12099.660156,1298.420044,30873,12964.700195,905.64,7073,3641.47998,3825.16,3761.6,1622.22998,5349.200195,29071.339844,58827
733493,5660.399902,6489.259766,4676.680176,12706.629883,12422.860352,1341.130005,31281,13403,931.87,7184.5,3686.159912,3809.13,3606.86,1679.670044,5421.299805,30057.259766,61415
733494,5717.5,6578.060059,4719.529785,12604.580078,12302.459961,1325.76001,31669,13537.900391,952.99,7265,3709.030029,3927.3,3411.49,1676.23999,5418.5,29987.050781,60762
733495,5692.899902,6559.899902,4695.919922,12820.469727,12216.400391,1315.219971,31696,13442.400391,951.71,7239.399902,3700.409912,3973.69,3580.15,1701.829956,5401.200195,30089.900391,60452
733498,5702.100098,6534.970215,4707.069824,12525.540039,12262.889648,1322.699951,31616,13269,952.13,7224.299805,3719.52002,3985.97,3472.71,1703.98999,5409.700195,30912.990234,60968
733499,5852.600098,6720.330078,4866,12656.419922,12654.360352,1370.180054,32513,13699.099609,981.23,7494.299805,3816.72998,4063.89,3329.16,1702.25,5414.5,31787.679688,62775
733500,5915.899902,6777.439941,4911.970215,13189.360352,12608.919922,1367.530029,33140,13838.700195,996.91,7596.600098,3837.77002,4162.31,3347.88,1742.189941,5544.899902,31467.869141,63364
733501,5891.299805,6741.720215,4887.870117,13389.900391,12626.030273,1369.310059,33103,13738.900391,987.5,7516.200195,3783.580078,4100.18,3446.24,1763.630005,5645.799805,31689.609375,64175
733505,6014.799805,6821.029785,4944.600098,13450.230469,12612.429688,1372.540039,33617,13919.599609,993.34,7639.299805,3866.409912,4164.25,3599.62,1773.560059,5684.100098,31715.439453,64176
733506,5990.200195,6771.97998,4912.689941,13250.429688,12576.44043,1365.540039,33672,13759.400391,981.09,7568.100098,3857.399902,4087.89,3612.54,1754.709961,5634.399902,31726.859375,64540
733508,5965.100098,6704.319824,4859.419922,12945.299805,12581.980469,1360.550049,33522,13507.900391,969.89,7312.600098,3847.199951,4068.32,3471.74,1764.640015,5515.5,31649.050781,63527
733509,5895.5,6603.569824,4797.930176,13323.730469,12325.419922,1332.829956,33178,13278.299805,956.52,7259,3802.02002,4004.81,3492.89,1779.709961,5505.200195,31302.570312,62585
733512,5831.600098,6554.490234,4766.490234,12917.509766,12302.05957,1328.319946,32803,13160.299805,948.4,7139.5,3786.600098,3937.79,3296.67,1746.709961,5410.899902,31192.480469,62153
733513,5906.899902,6585.049805,4780.680176,12990.580078,12362.469727,1334.430054,32735,13408.900391,950.19,7187.399902,3789.219971,3941.45,3348.35,1742.170044,5465.899902,31375.949219,62618
733514,6046.200195,6702.839844,4855.100098,13146.129883,12619.269531,1364.709961,33256,13637.599609,978.03,7250.700195,3863.27002,3943.87,3291.6,1758.560059,5534.600098,31910.210938,64152
733515,5980.399902,6681.810059,4862.140137,13398.299805,12620.490234,1365.560059,33162,13568.700195,963.79,7173.600098,3860.060059,3965.75,3222.74,1768.670044,5587.299805,31785.990234,64552
733516,6056.600098,6843.080078,4961.689941,13476.450195,12849.360352,1390.329956,33881,13924.900391,981.44,7418,3933.379883,4080.65,3094.67,1771.900024,5504.100098,31795.679688,64923
733519,6053,6786.549805,4910.350098,13696.549805,12825.019531,1388.170044,33663,13728.900391,969.19,7394.899902,3890.090088,4025.73,3116.98,1800.47998,5664.200195,32095.039062,64923
733520,6034.700195,6728.299805,4872.640137,13547.820312,12720.230469,1375.939941,33491,13593.400391,962.35,7328.899902,3859.139893,4055.59,3147.79,1787.48999,5628.399902,32039.720703,65413
733521,6083.600098,6795.029785,4944.649902,13579.160156,12763.219727,1379.930054,33427,13663,976.52,7324.5,3879.149902,4055.08,3278.33,1800.790039,5711.399902,31847.980469,64948
733522,6050.700195,6821.319824,4929.549805,13540.870117,12848.950195,1388.819946,33589,13669.200195,966.99,7460.5,3867.219971,4061.24,3583.03,1799.339966,5658.700195,31746.230469,64576
733528,6087.299805,6948.819824,4996.540039,13849.990234,12820.129883,1385.589966,33954,13798.299805,986.06,7529,3925.429932,4214.16,3693.11,1825.469971,5657,30281.410156,67868
733535,6261,7076.25,5075.310059,14102.480469,12814.349609,1392.569946,34547,14026.799805,1020.05,7639.200195,3906.610107,4261.29,3579.15,1854.01001,5757.799805,30762.160156,69018
733536,6270.799805,7071.899902,5055.580078,13943.259766,12866.780273,1397.680054,34082,14074,1019.67,7586.100098,3873.159912,4266.84,3656.84,1848,5800.899902,30751.970703,69722
733537,6204.700195,7003.169922,4960.560059,13655.339844,12745.879883,1388.280029,33722,13945.099609,1003.51,7484,3826.909912,4205.9,3613.49,1823.699951,5844.399902,30674.359375,69646
733541,6211.899902,7060.189941,4998.669922,13953.730469,12832.179688,1403.040039,33805,14016.400391,1011.86,7578.299805,3827.399902,4265.62,3560.24,1842.800049,5883.200195,30887.400391,70503
733542,6216,7083.240234,5055.240234,14118.549805,12898.379883,1408.660034,34270,14187.200195,1012.86,7594.600098,3831.659912,4276.56,3657.43,1843.75,5940.299805,31336.570312,70027
733543,6251.799805,7081.049805,5057.509766,14251.740234,12992.660156,1423.569946,34233,14186.400391,1018.13,7683.399902,3798.98999,4252.51,3637.32,1885.709961,5964.899902,31542.970703,71492
733544,6304.299805,7156.549805,5078.040039,14219.480469,12986.799805,1425.349976,34384,14124.799805,1023.18,7653.700195,3796.330078,4229.89,3624.23,1888.880005,6006.100098,31486.949219,72767
733547,6376.5,7225.939941,5142.100098,14269.610352,13028.160156,1426.630005,33652,14247.599609,1036.86,7778.899902,3843.780029,4257.94,3604.76,1885.369995,6035,31796.410156,73439
733548,6191.600098,7118.5,5054.879883,14160.089844,12828.679688,1413.400024,33118,13992.099609,1011.62,7626.600098,3796.850098,4165.62,3443.16,1873.150024,5994.899902,31526.169922,73517
733549,6198.100098,7040.830078,5027.549805,13926.299805,12601.19043,1390.709961,33061,13857.200195,1004.36,7574.299805,3765.790039,4151.36,3544.19,1847.51001,5916.399902,31126.070312,72295
733551,6087.299805,6944.049805,4933.77002,14012.200195,12479.629883,1375.930054,32870,13577.599609,994.23,7459.899902,3671.919922,4066.03,3473.09,1827.939941,5866.200195,31068.699219,71452
733555,6058.5,6958.660156,4906.560059,13893.30957,12548.349609,1385.349976,32743,13451.400391,993,7418,3656.040039,4003.79,3375.41,1825.22998,5818.399902,31414.210938,70992
733556,6069.600098,7033.839844,4971.109863,13709.44043,12594.030273,1390.839966,32758,13499.200195,1002.83,7474.5,3710.919922,4090.09,3459.03,1805.640015,5754.5,31647.029297,73153
733557,6068.100098,7055.029785,4975.899902,14124.469727,12646.219727,1398.26001,32769,13539.5,1001.83,7541.799805,3727.429932,4091.72,3401.44,1841.219971,5817.200195,31837.269531,71798
733558,6053.5,7096.790039,5014.279785,14338.540039,12638.320312,1400.380005,33225,13600.900391,1004.9,7511.299805,3751.409912,4176.51,3433.35,1852.02002,5773.899902,31975.470703,72593
733561,6007.600098,7008.77002,4935.209961,14440.139648,12503.820312,1385.670044,32717,13300,995.59,7555.700195,3692.389893,4153.08,3459.04,1847.530029,5781.200195,31636.210938,71897
733562,6057.700195,7019.129883,4983.709961,14209.169922,12402.849609,1377.650024,32813,13431.700195,997.86,7590.399902,3717.959961,4177.18,3436.4,1819.390015,5703,31492.640625,70012
733563,5970.100098,6965.430176,4915.069824,14435.570312,12390.480469,1377.199951,32508,13341.200195,983.51,7514.5,3713.01001,4113.55,3369.91,1833.810059,5698.200195,31448.109375,68673
733564,5995.299805,6941.830078,4907.060059,14341.120117,12604.450195,1404.050049,32542,13239.299805,981.15,7567.200195,3755.040039,4122.91,3351.65,1832.310059,5633.799805,31726.009766,71235
733569,5827.299805,6771.100098,4761.080078,14021.169922,12289.759766,1358.439941,31343,12755.200195,951.47,7284.200195,3617.449951,3925.77,3072.33,1774.380005,5544.299805,30898.869141,67775
733570,5723.299805,6650.259766,4660.910156,14183.480469,12083.769531,1335.48999,30728,12584.299805,934.86,7167.299805,3546.889893,3877.63,3024.24,1781.670044,5561.899902,30446.240234,66795
733571,5790.5,6714.52002,4672.299805,13888.599609,12141.580078,1339.869995,30890,12853.299805,947.47,7222.799805,3585.689941,3839.44,2957.53,1739.359985,5433.200195,30475.439453,67322
733572,5802.799805,6765.319824,4682.299805,13973.730469,12307.349609,1360.030029,30942,12998.700195,947.58,7261.399902,3588.409912,3739.27,2868.8,1747.349976,5479.600098,30413.480469,67204
733576,5861.899902,6796.160156,4686.330078,14348.370117,12160.299805,1350.930054,30971,12885.099609,956.9,7251.399902,3581.800049,3699,2794.75,1750.709961,5525.899902,29925.269531,68438
733577,5756.899902,6728.910156,4618.75,14452.820312,12029.05957,1337.810059,30464,12631.5,941.62,7182.600098,3520.72998,3662.42,2941.11,1774.130005,5550.299805,29618.109375,67090
733578,5708.399902,6721.169922,4591.390137,14130.169922,12063.089844,1342.829956,30368,12585,932.82,7158.899902,3441.419922,3649.82,2748.87,1740.719971,5484.299805,29847.849609,66590
733582,5667.200195,6589.459961,4511.370117,13857.469727,11842.360352,1318,29727,12403.400391,914.4,7026.899902,3350.48999,3524.85,2760.42,1715.589966,5408.899902,29464.539062,64640
733583,5634.700195,6536.060059,4473.759766,13849.55957,11807.429688,1314.290039,29579,12205.599609,897.72,7026.100098,3318.540039,3482.01,2803.02,1710.839966,5418.799805,29291.609375,64168
733584,5666.100098,6617.839844,4536.290039,13829.919922,11811.830078,1321.969971,30009,12446.099609,910.64,7081.399902,3361.649902,3584.53,2905.01,1717.790039,5363.100098,29569.439453,65853
733585,5518.200195,6459.600098,4426.189941,13822.320312,11453.419922,1283.150024,29373,12077.700195,880.56,6949.700195,3205.780029,3483.98,2901.85,1717.660034,5421.5,29199.939453,63947
733586,5530,6421.910156,4397.319824,13544.360352,11346.509766,1278.380005,29198,12089.799805,862.65,6861.5,3177.419922,3424.16,2748.43,1684.449951,5349.399902,29295,64321
733589,5625.899902,6418.319824,4434.850098,13481.379883,11350.009766,1280,29346,12046.200195,857.65,6958.5,3168.219971,3439.71,2736.1,1674.920044,5332.899902,29395.490234,65018
733590,5479.899902,6315.939941,4341.209961,13463.200195,11382.259766,1284.910034,28786,11770.900391,841.07,6849.700195,3102.48999,3286.83,2651.6,1666.459961,5261.100098,29221.109375,63396
733591,5426.299805,6305.419922,4296.47998,13286.370117,11215.509766,1261.52002,28974,11856.900391,849.5,6843.799805,3081.830078,3190.41,2651.73,1623.599976,5211.600098,28680.830078,61106
733592,5476.600098,6353.740234,4343.990234,13265.400391,11288.540039,1262.900024,29094,11980.099609,851.58,6844.100098,3087.570068,3289.4,2703.53,1606.540039,5094,28465.550781,59273
733596,5512.700195,6395.75,4342.589844,13360.040039,11231.959961,1252.310059,28892,11982.200195,853.14,6815.700195,3067.449951,3345.64,2792.4,1579.719971,5091.700195,28383.529297,59088
733597,5440.5,6304.410156,4275.609863,13033.099609,11384.209961,1273.699951,28306,11794.700195,836.38,6788.100098,3010.439941,3285.59,2814.95,1533.469971,5022.399902,28551.25,59536
733599,5406.799805,6305,4231.560059,13067.209961,11229.019531,1253.390015,28437,11739.5,833.58,6803.100098,3022.300049,3372.62,2875.45,1537.430054,5020.5,27877.330078,60253
733600,5261.600098,6153.299805,4100.640137,13039.69043,11100.540039,1239.48999,27676,11383.5,813.6,6638.899902,2959.350098,3290.74,2856.63,1567.51001,5067.799805,27614.539062,60148
733603,5300.399902,6200.25,4142.529785,13010.160156,11055.19043,1228.300049,27748,11443,826.59,6675.299805,2969.060059,3315.66,2878.26,1558.619995,5007.899902,27517.109375,60721
733604,5171.899902,6081.700195,4061.149902,12754.55957,10962.540039,1214.910034,27044,11151.599609,814.99,6562,2863.439941,3177.93,2779.45,1509.329956,4910.100098,27435.800781,61015
733605,5150.600098,6155.370117,4112.450195,12760.799805,11239.280273,1245.359985,27194,11287.700195,826.83,6583.5,2905.399902,3155.11,2705.87,1507.400024,4947.5,27968.820312,62056
733606,5286.299805,6271.27002,4225.990234,12887.950195,11446.660156,1260.319946,27668,11642.099609,858.4,6739.200195,2999.850098,3332.1,2684.78,1525.560059,4977.399902,28215.859375,60109
733607,5376.399902,6382.649902,4299.359863,12803.700195,11496.570312,1260.680054,28100,11895.299805,881.02,6827.299805,3075.209961,3406.76,2778.37,1509.98999,4915.299805,28169.769531,59988
733611,5364.200195,6442.790039,4327.259766,13184.959961,11602.5,1277,28230,11610.099609,863.47,6922.299805,3058.949951,3384.99,2846.12,1561.22998,5075.899902,27592.240234,59647
733612,5449.899902,6536.089844,4408.740234,13312.929688,11632.379883,1282.189941,28841,11934.900391,880.57,7058.200195,3144.820068,3505.69,2837.85,1591.76001,5161.600098,27644.75,59421
733613,5362.299805,6440.700195,4347.990234,13603.30957,11349.280273,1252.540039,28665,11675.099609,857.33,7056.899902,3107.219971,3512.8,2910.29,1626.140015,5188.399902,27644.75,57434
733614,5352.600098,6436.709961,4377.180176,13334.759766,11370.69043,1257.76001,28661,11589.900391,858.29,7015,3059.560059,3402.38,2865.1,1597.930054,5028.899902,27084.769531,57199
733617,5312.600098,6351.149902,4324.450195,13353.780273,11131.080078,1234.369995,28369,11484.599609,850.31,6968.899902,2999.77002,3410.15,2903.01,1598.290039,4989.899902,26732.839844,56869
733618,5319.200195,6398.799805,4320.490234,13159.450195,11397.55957,1263.199951,28278,11683.799805,851.63,6993.299805,2991.169922,3370.04,2850.31,1567.199951,4923.299805,27318.640625,58043
733619,5420.700195,6460.120117,4400.549805,13367.790039,11583.69043,1284.26001,28415,11817.900391,865.95,7108.899902,3030.25,3396.63,2836.67,1577.699951,5008.700195,27474.039062,59998
733620,5411.899902,6479.560059,4392.359863,13376.80957,11378.019531,1267.380005,28331,11881.299805,867.44,7141.200195,2994.379883,3394.64,2775.72,1594.670044,5052.600098,27501.019531,59505
733624,5320.200195,6349.810059,4280.629883,12933.179688,11284.150391,1249.01001,27826,11447.599609,847.15,7078.200195,2947.030029,3362.18,2741.74,1543.050049,4957.600098,26487.759766,55609
733625,5454.5,6518.700195,4386.350098,12914.660156,11615.769531,1284.880005,28753,11751.400391,876.59,7190.799805,3048.459961,3442.31,2690.75,1535.540039,4882,26990.189453,56471
733626,5486.100098,6561.390137,4448.330078,13254.889648,11656.070312,1289.189941,29014,11774.400391,886.52,7209.299805,3124.040039,3438.82,2719.37,1578.709961,5018.100098,27342.390625,57542
733627,5477.5,6543.490234,4457.430176,13124.990234,11431.429688,1266.069946,29154,11717.5,881.35,7182.100098,3046.810059,3427.07,2727.58,1564,5030,26986.980469,57018
733628,5489.200195,6561.649902,4491.850098,13168.410156,11734.320312,1296.319946,29089,11799.900391,885.01,7262.100098,3068.439941,3334.12,2605.72,1568.719971,5037.600098,27132.789062,56584
733631,5541.799805,6609.629883,4538.490234,13430.910156,11782.349609,1305.319946,29557,12047.700195,900.26,7337.700195,3103.959961,3327.91,2470.07,1581.089966,5069.299805,26943.689453,54720
733632,5534.5,6585.870117,4518.47998,13303.599609,11642.469727,1289.589966,29380,11996.099609,894,7301.799805,3117.139893,3345.18,2457.2,1577.119995,5090.299805,26636.550781,54503
733633,5448.600098,6422.189941,4402.970215,13023.049805,11532.959961,1285.829956,28758,11695.400391,868.81,7193.5,3043.620117,3287.93,2446.3,1562.719971,4995.899902,26877.070312,54573
733634,5497.5,6442.209961,4420.910156,12956.799805,11615.929688,1292.930054,28778,11606.799805,874.73,7206.5,3054.429932,3298.12,2437.08,1572.189941,5039,27247.449219,55138
733638,5450.200195,6432.879883,4448.839844,13165.450195,11479.389648,1278.599976,28867,11677.5,875.27,7231.399902,3074.449951,3355.05,2319.87,1567.709961,5043.5,26777.480469,53327
733639,5320.399902,6282.430176,4332.790039,12865.049805,11348.549805,1266.689941,28257,11335.299805,838,7115.200195,3002.399902,3326.11,2344.47,1541.410034,4930.399902,26732.109375,53639
733640,5371.799805,6317.799805,4365.870117,12851.69043,11417.429688,1274.540039,28148,11379.900391,842.44,7100,3000.52002,3312.55,2523.28,1540.709961,4997.5,26865.039062,55377
733641,5370.200195,6236.959961,4304.609863,12752.209961,11430.209961,1277.719971,27758,11217.400391,837.07,7000.5,2970.909912,3268.81,2431.72,1512.589966,4949.600098,26534.970703,55935
733642,5505.600098,6342.419922,4400.450195,12666.040039,11628.05957,1292.199951,28090,11497.299805,865.02,7094.100098,3028.22998,3296.67,2405.23,1496.910034,5010.200195,26875.449219,55850
733645,5505.600098,6296.950195,4355.870117,12878.660156,11386.25,1266.839966,27900,11327.099609,852.2,7062.600098,3003.929932,3302.57,2413.37,1502.109985,5090.100098,26416.619141,54477
733646,5470.700195,6340.52002,4368.549805,12778.709961,11412.870117,1271.51001,27977,11419.900391,860.71,7093.700195,3025.139893,3255.97,2350.08,1490.25,5082.299805,26071.460938,54359
733647,5528.200195,6321.029785,4373.080078,12752.959961,11502.509766,1281.660034,27958,11479.599609,862.93,7086.600098,3033.669922,3243.99,2342.15,1493.920044,5087.799805,26131.349609,55519
733648,5601.200195,6420.540039,4461.490234,12768.25,11715.179688,1300.680054,28625,11662.599609,876.74,7190.399902,3091.800049,3267.94,2350.14,1474.150024,5143.299805,26444.119141,56382
733649,5636.600098,6422.299805,4482.600098,13072.870117,11543.959961,1282.829956,28789,11707.299805,870.86,7238.700195,3136,3292.69,2397.37,1474.23999,5215.5,26290.990234,55680
733653,5620.700195,6518.470215,4539.069824,12609.469727,11516.919922,1277.579956,29208,11903.900391,889.36,7298.600098,3211.590088,3341.41,2304.89,1407.140015,5195,26522.759766,54404
733654,5499.700195,6467.490234,4447.129883,12689.589844,11532.879883,1274.97998,29061,11849.099609,880.75,7256.600098,3165.330078,3293.98,2276.67,1426.890015,5130.5,26467.789062,53527
733655,5362.100098,6279.569824,4304.009766,12557.660156,11188.230469,1236.829956,28233,11480.099609,850.53,7084.600098,3066.149902,3222.59,2277.41,1426.430054,5050.899902,26151.630859,51409
733656,5240.700195,6127.439941,4196.660156,12212.230469,11220.959961,1242.310059,27567,11139.700195,825.01,6976.600098,3002.389893,3143.92,2202.45,1404.380005,4949.5,25904.179688,51940
733659,5446.299805,6263.740234,4340.180176,12624.459961,11510.740234,1267.790039,28429,11554.200195,855.95,7177.399902,3134.47998,3275.08,2143.42,1476.650024,5126.299805,26232.560547,50718
733660,5415.600098,6233.410156,4293.339844,12400.650391,11230.730469,1224.51001,28263,11350,846.6,7189.5,3103.850098,3276.56,2145.78,1454.5,5041.899902,25629.789062,48435
733661,5366.200195,6210.319824,4283.660156,12346.629883,11268.919922,1232.040039,28064,11180.799805,840.33,7121.399902,3055.379883,3213.54,2150.76,1464.97998,4961.399902,25622.910156,49633
733662,5318.399902,6178.899902,4249.069824,12102.5,11433.709961,1249.050049,27942,11136.5,827.66,7071.299805,3021.060059,3131.6,2078.98,1443.23999,4871.5,25552.490234,51270
733663,5416.700195,6234.890137,4332.660156,12214.759766,11421.990234,1251.699951,28372,11412,847.79,7215.5,3080.600098,3110.57,2079.67,1477.920044,4957.100098,25588.410156,52393
733668,4912.399902,5860.97998,4000.110107,11749.790039,10609.660156,1156.390015,25920,10661.400391,779.37,6654.299805,2788.949951,2957.92,1929.05,1425.26001,4769.700195,23456.839844,45909
733669,4880,5863.419922,3957.860107,11489.299805,11019.69043,1206.51001,25664,10631.599609,781.53,6623.299805,2783.909912,2952.81,1895.84,1392.420044,4651.899902,24577.900391,48423
733670,5311.299805,6143.419922,4324.870117,11920.860352,11388.44043,1255.079956,27877,11557.900391,851.72,7025.200195,3052.830078,3209.26,2075.09,1455.780029,4840.700195,25701.029297,53055
733673,5236.299805,6107.75,4223.509766,12090.589844,11015.69043,1207.089966,27438,11328.5,836.43,6887.399902,2967.699951,3175.54,2236.41,1460.339966,5050.100098,25131.910156,51541
733675,5095.600098,6052.870117,4114.540039,12115.030273,10825.169922,1185.869995,26929,11112.900391,816.7,6780.299805,2866.169922,3062.83,2216.81,1495.97998,5008.200195,24944.25,49843
733676,5197,6173.029785,4226.810059,12006.530273,11022.05957,1209.180054,27573,11438.599609,836.86,6945.5,2906.23999,3070.4,2297.5,1501.630005,4960.799805,25645.5,51828
733677,5088.5,6063.5,4163.379883,11893.160156,11143.129883,1213.27002,27154,11387.900391,821.38,6815.5,2814.110107,3017.89,2293.78,1476.329956,4934.600098,25593.769531,50783
733680,4818.799805,5807.080078,3953.47998,11743.610352,10365.450195,1106.420044,25803,10945.700195,774.33,6500.100098,2589.469971,2840.8,2293.78,1456.359985,4839.200195,23955.669922,46028
733681,4902.5,5831.02002,4032.100098,11259.860352,10850.660156,1166.359985,25530,10987.5,768.49,6654.899902,2672.199951,2856.47,2293.78,1448.060059,4631.299805,24888.900391,49541
733682,4959.600098,5806.330078,4054.540039,11368.259766,10831.070312,1161.060059,25681,11182.5,769.33,6727.600098,2716.47998,2837.17,2293.78,1439.670044,4814.5,25117.320312,49799
733683,4870.299805,5660.629883,3963.280029,11154.759766,10482.849609,1114.280029,25258,11002.299805,761.69,6730.899902,2741.080078,2828.88,2293.78,1419.650024,4774.100098,24027.349609,46145
733687,4589.200195,5387.009766,3711.97998,10473.089844,9955.5,1056.890015,23776,10726,723.91,6458.700195,2567.590088,2640.78,2173.74,1358.75,4544.700195,21749.130859,42101
733688,4605.200195,5326.629883,3732.219971,10155.900391,9447.110352,996.22998,23622,10862,707.21,6427.799805,2508.689941,2625.04,2157.84,1366.099976,4597.899902,20884.740234,40140
733689,4366.700195,5013.620117,3496.889893,9203.320312,9258.099609,984.940002,22274,10297.599609,663.69,6073.5,2323.949951,2512.01,2092.22,1286.689941,4369.799805,20678.970703,38594
733690,4313.799805,4887,3442.699951,9157.490234,8579.19043,909.919983,21871,9902.900391,659.07,5798.799805,2240.879883,2503.01,2074.58,1294.890015,4291.299805,20310.199219,37080
733691,3932.100098,4544.310059,3176.48999,8276.429688,8451.19043,899.219971,20309,8997.700195,622.98,5347.200195,2123.439941,2372.09,2000.57,1241.469971,3939.5,19905.269531,35610
733695,4394.200195,5199.189941,3628.52002,9447.570312,9310.990234,998.01001,23471,10224.5,686.24,6260.200195,2213.870117,2561.8,2017.32,1367.689941,4311.5,22244.609375,41569
733696,4079.600098,4861.629883,3381.070068,9547.469727,8577.910156,907.840027,22221,9706.799805,647.03,5911.200195,2082.590088,2381.57,1994.67,1340.280029,4272.5,21135.419922,36833
733697,3861.399902,4622.810059,3181,8458.450195,8979.259766,946.429993,20714,9308.200195,627.55,5718.5,1946.380005,2255.25,1909.94,1213.780029,3988.100098,20457.929688,36442
733698,4063,4781.330078,3329.919922,8693.820312,8852.219727,940.549988,21645,9655.200195,632.34,6099.600098,2015.300049,2117.41,1930.65,1180.670044,3944.800049,20312.830078,36399
733701,4282.700195,4835.009766,3448.51001,9005.589844,9265.429688,985.400024,22182,9944.299805,661.7,6216.5,2109.530029,2124.8,1974.01,1207.630005,4098.700195,20786.210938,39441
733702,4229.700195,4784.410156,3475.399902,9306.25,9033.660156,955.049988,21873,9795,666.8,6185.5,2089.350098,2138.95,1958.53,1196.099976,4251.399902,20203.269531,39043
733703,4040.899902,4571.069824,3298.179932,8674.69043,8519.209961,896.780029,21093,8995.299805,642.19,5925.5,1968.630005,2025.93,1895.82,1134.589966,4120.100098,18787.339844,35070
733704,4087.800049,4519.700195,3310.870117,8460.980469,8691.25,908.109985,21061,8811.200195,631.19,5893.700195,1983.140015,1914.37,1875.56,1049.709961,3939.300049,17798.990234,33818
733705,3883.399902,4295.669922,3193.790039,7649.080078,8378.950195,876.77002,19879,8353.200195,593.87,5675.100098,1918.079956,1728.49,1839.62,938.75,3831.600098,16978.839844,31482
733708,3852.600098,4334.640137,3067.350098,7162.899902,8175.77002,848.919983,19092,8009.899902,575.71,5500.899902,1854.209961,1798.24,1723.35,946.450012,3768.300049,16891.029297,29435
733710,4242.5,4808.689941,3402.570068,8211.900391,8990.959961,930.090027,20466,8650.099609,615.67,5880.600098,2022.859985,1969.84,1719.81,968.969971,3805.800049,19157.330078,34845
733711,4291.700195,4869.299805,3407.820068,9029.759766,9180.69043,954.090027,20768,8822.900391,646.09,5842.299805,2043.469971,2009.99,1763.61,1084.719971,3957.300049,20207.019531,37449
733712,4377.299805,4987.970215,3487.070068,8576.980469,9325.009766,968.75,21367,9116,638.91,6153.200195,2100.179932,2060.31,1728.79,1113.060059,3982.699951,20445.320312,37257
733716,4639.5,5278.040039,3691.090088,9114.599609,9625.280273,1005.75,23090,9726.799805,713.67,6400,2233.659912,2229.59,1706.7,1153.349976,4169.799805,21535.269531,40255
733717,4530.700195,5166.870117,3618.110107,9521.240234,9139.269531,952.77002,22758,9744.700195,702.52,6177.100098,2199.429932,2221.02,1760.61,1181.5,4287.299805,20446.769531,37786
733718,4272.399902,4813.569824,3387.25,8899.139648,8695.790039,904.880005,21607,9133.900391,658.02,5924.899902,2132.870117,2070.4,1717.72,1092.219971,4106.5,19650.859375,36362
733719,4365,4938.459961,3469.120117,8583,8943.80957,930.98999,21911,9343.5,679.2,6008.200195,2156.590088,2107.1,1747.71,1134.48999,4006.600098,19865.220703,36665
733722,4403.899902,5025.529785,3505.75,9081.429688,8870.540039,919.210022,22077,9293.799805,684.71,6090.600098,2187.889893,2190.99,1874.8,1152.459961,4060,20020.529297,36776
733723,4246.700195,4761.580078,3336.409912,8809.299805,8693.959961,898.950012,20709,8911.900391,649.46,5880.799805,2133.23999,2050.31,1843.61,1128.72998,3921.800049,19795.25,37262
733724,4182,4620.799805,3233.959961,8695.509766,8282.660156,852.299988,20227,8646.799805,630.26,5702.899902,2057.459961,2010.52,1859.11,1123.859985,3883.600098,18804.949219,34374
733725,4169.200195,4649.52002,3269.459961,8238.639648,8835.25,911.289978,20414,8740.599609,634.72,5740,2062.820068,1979.79,1927.61,1088.439941,3672.399902,19710.099609,35993
733726,4233,4710.240234,3291.469971,8462.389648,8497.30957,873.289978,20831,8832.200195,635.59,5834.799805,2061.080078,2007.09,1986.44,1088.26001,3726,19562.140625,35789
733730,4208.600098,4579.470215,3217.399902,8328.410156,8424.75,859.119995,20119,8530.799805,627.37,5675.600098,2030.959961,1925.2,1902.43,1036.160034,3513.100098,19036.230469,34095
733731,4005.699951,4354.089844,3087.889893,8273.219727,7997.279785,806.580017,19535,8211.5,594.12,5524.100098,1945.300049,1897.07,2017.47,1016.820007,3483.199951,18578.380859,33405
733733,3781,4127.410156,2881.26001,7910.790039,8046.419922,800.030029,18533,7974.399902,567.61,5144,1783.699951,1826.41,1969.39,1003.72998,3386.899902,18251.410156,31251
733737,4171.299805,4560.419922,3209.560059,8323.929688,8479.469727,857.390015,19778,8696.599609,634.02,5478.399902,1848.890015,1901.42,1888.71,983.320007,3575.399902,19297.630859,34813
733738,4152.700195,4560.5,3169.850098,8213.219727,8726.610352,887.679993,19901,8654.099609,628.86,5498.600098,1809.26001,1873.63,1897.88,1029.780029,3479.600098,20025.789062,36470
733740,4288,4669.439941,3262.679932,8512.269531,8829.040039,896.23999,19985,8910.599609,641.74,5816.600098,1881.459961,1913.52,1871.16,1076.069946,3672.699951,20534.720703,36596
733743,4065.5,4394.790039,3080.429932,8397.219727,8149.089844,816.210022,18736,8510.5,607.09,5527.600098,1785.790039,1860.27,1894.61,1058.619995,3619,19533.080078,34741
733744,4122.899902,4531.790039,3152.899902,7863.689941,8419.089844,848.809998,19102,8834.700195,636.64,5537.600098,1814.150024,1837.98,1889.64,1023.200012,3473.399902,19802.269531,35001
733745,4170,4567.240234,3166.649902,8004.100098,8591.69043,870.73999,19129,8879.900391,643.66,5604.200195,1848.01001,1834.31,1965.41,1022.669983,3476.5,20147.009766,35297
733746,4163.600098,4564.22998,3161.159912,7924.240234,8376.240234,845.219971,18911,8836.099609,640.39,5649.100098,1848.319946,1840.88,2001.5,1006.539978,3468.100098,19916.210938,35128
733747,4049.399902,4381.470215,2988.01001,7917.509766,8635.419922,876.070007,17968,8491.200195,608.64,5530.799805,1800.869995,1788.46,2018.66,1028.130005,3427.199951,20081.830078,35347
733750,4300.100098,4715.879883,3247.47998,8329.049805,8934.179688,909.700012,19314,9036.5,666.65,5818.799805,1902.959961,1845.91,2090.77,1105.050049,3553.800049,21168.720703,38285
733751,4381.299805,4779.109863,3297.800049,8395.870117,8691.330078,888.669983,19620,9063.099609,685.42,5845.600098,1885.829956,1847.07,2037.74,1105.839966,3533.699951,21439.650391,37968
733752,4367.299805,4804.879883,3320.310059,8660.240234,8761.419922,899.23999,19830,9152.400391,688.33,5751.899902,1906.23999,1833.04,2079.12,1145.869995,3573.300049,21689.839844,39004
733753,4388.700195,4767.200195,3306.129883,8720.549805,8565.089844,873.590027,19678,9182.599609,676.78,5729.899902,1879.699951,1833.68,2031.68,1154.430054,3534.199951,21408.349609,38519
733757,4277.600098,4654.819824,3185.659912,8664.660156,8564.530273,868.570007,19057,9023.900391,651.18,5526.5,1873.109985,1774.28,1964.37,1158.189941,3535.699951,21050.550781,38320
733758,4309.100098,4729.910156,3251.659912,8568.019531,8924.139648,913.179993,19301,9167.700195,667,5567.100098,1862.680054,1741.57,1975.01,1161.560059,3498.899902,22032.539062,39993
733759,4324.200195,4708.379883,3241.919922,8612.519531,8824.339844,904.419983,19352,9196.900391,664.34,5548.200195,1859.619995,1746.58,1976.82,1169.75,3515,22572.5,39947
733760,4330.700195,4756.399902,3234.149902,8667.230469,8604.990234,885.280029,19557,9257.799805,672.26,5515,1881.849976,1738.49,2015.69,1175.910034,3521.699951,22347.169922,39536
733761,4286.899902,4696.700195,3225.899902,8588.519531,8579.110352,887.880005,19683,9268.400391,663.98,5459.899902,1861.449951,1731.63,2018.46,1180.969971,3547.199951,22221.640625,39131
733764,4249.200195,4639.02002,3151.360107,8723.780273,8519.69043,871.630005,19222,9098.900391,655.63,5419.5,1845.079956,1711.8,1987.76,1179.609985,3492.300049,22059.179688,37619
733771,4319.399902,4704.859863,3130.719971,8747.169922,8483.929688,869.419983,19167,9017.700195,657.27,5465,1883.170044,1751.62,1850.48,1117.589966,3554.199951,22392.380859,37060
733772,4392.700195,4810.200195,3217.129883,8859.55957,8668.389648,890.640015,19460,9195.799805,662.33,5534.5,1907.119995,1807.85,1832.91,1124.469971,3591.399902,22420.009766,37550
