Date,UK,Germany,France,Japan,DJI,SP500,Italy,Spain,Sweden,Switzerland,Belgium,Greece,China,Korea,Australia,Mexico,Brazil
731951,4513.299805,4035.899902,3608.290039,10825.169922,10544.070312,1122.219971,27530,7911.399902,644.55,5582.700195,2282.310059,2346.19,1568.35,824.099976,3296.5,9054.110352,23532
731953,4473,4004.399902,3563.51001,10757.820312,10529.030273,1126.329956,27187,7913.700195,635.47,5583.399902,2295.090088,2391.35,1587.2,827.070007,3309.899902,9098.219727,23320
731954,4494.200195,4045.429932,3592.72998,10837.650391,10592.44043,1131.920044,27503,7943.399902,647.7,5605.100098,2317.030029,2411.79,1610.13,824.150024,3304.600098,9169.80957,23717
731955,4466.299805,4016.179932,3574.800049,10965.049805,10458.889648,1121.859985,27441,7924.600098,650.48,5574.700195,2315.129883,2403.34,1581.47,845.27002,3307.100098,9102.820312,23917
731959,4440.100098,3996.219971,3576.179932,10849.679688,10427.179688,1121.219971,27393,7946.100098,655.1,5559.100098,2323.320068,2446.19,1612.68,848.429993,3300.800049,9141.580078,23940
731960,4461.399902,4055.209961,3612.550049,10863,10538.370117,1130.52002,27631,7978.100098,661.13,5624.299805,2346.459961,2482.35,1592.42,849.619995,3314.699951,9171.660156,23399
731961,4456.100098,4068.75,3626.969971,10665.150391,10553.849609,1132.050049,27742,7957.299805,665.12,5631,2357.649902,2481,1586.49,845.659973,3312.600098,9135.160156,22962
731962,4487.899902,4111.640137,3671.800049,10857.200195,10600.509766,1139.829956,27861,7979.299805,672.54,5694.5,2381.639893,2494.91,1600.43,847.950012,3298.100098,9193.80957,23155
731966,4499.299805,4106.410156,3660.189941,11103.099609,10528.660156,1138.77002,28040,7987.899902,671.25,5665.5,2372.179932,2436.81,1600.43,861.369995,3320.800049,9322.820312,23679
731973,4447,4134.419922,3697.419922,10928.030273,10609.919922,1144.050049,28240,8061.100098,675.18,5790.600098,2392.340088,2445.38,1600.43,863.030029,3324.699951,9612.139648,24226
731974,4468.100098,4150.240234,3706.790039,10852.469727,10468.370117,1128.47998,28308,8116.399902,672.1,5803.299805,2398.209961,2414.79,1600.43,859.590027,3292.199951,9551.129883,23852
731975,4411.5,4095.709961,3662.300049,10779.44043,10510.290039,1134.109985,28033,8013.100098,666.32,5768.200195,2381.899902,2391.73,1628.84,853.469971,3276.600098,9444.230469,22386
731976,4390.700195,4058.600098,3638.439941,10783.610352,10488.070312,1131.130005,27774,7929.899902,673.91,5736.399902,2383.76001,2432.58,1590.73,848.5,3283.600098,9428.769531,21851
731979,4381.399902,4071.600098,3665.02002,10776.730469,10499.179688,1135.26001,27840,7958.600098,670.48,5788.299805,2405.879883,2435.11,1623.88,854.890015,3287.199951,9633.860352,21787
731980,4390.600098,4057.51001,3638.209961,10641.919922,10505.179688,1136.030029,27655,7960.299805,669.87,5735,2390.090088,2416.56,1649.28,839.869995,3277.800049,9702.849609,22281
731981,4398.5,4028.370117,3607.570068,10447.25,10470.740234,1126.52002,27677,7888.799805,667.89,5775.600098,2379.77002,2418.87,1685.16,835.5,3279.800049,9674.179688,21685
731983,4402.700195,4044.98999,3624.719971,10460.919922,10593.030273,1142.76001,27587,8024.899902,687.59,5810.899902,2396.550049,2445.16,1679.19,850.22998,3285,9810.769531,21969
731986,4434.399902,4098.970215,3663.72998,10402.610352,10579.030273,1139.810059,27897,8135.200195,691.47,5869.799805,2413.669922,2417.75,1703.53,864.77002,3300,9882.349609,21962
731987,4405,4110.799805,3668.449951,10365.400391,10613.849609,1145.540039,27906,8171.899902,698.34,5880,2411.179932,2432.67,1691.01,866.799988,3301.199951,9804.94043,22171
731989,4377.700195,4121.649902,3681.560059,10459.259766,10694.070312,1152.109985,27880,8242.299805,694.13,5846.700195,2429.97998,2468.5,1663.83,877.950012,3339.899902,9960.049805,23063
731990,4412,4057.050049,3649.340088,10557.69043,10627.849609,1145.810059,27579,8199.599609,689.16,5849.100098,2423.840088,2462.53,1658.54,882.179993,3347.800049,9982.870117,22530
731994,4461.5,4095.860107,3703.820068,10701.129883,10714.879883,1156.98999,27849,8258.900391,700,5871.700195,2460.090088,2473.29,1703.77,884.799988,3346.399902,10100.049805,22426
731995,4442.899902,4095.340088,3709.02002,10676.80957,10671.990234,1151.819946,27836,8283,699.6,5828.799805,2476.870117,2483.6,1717.1,877.099976,3365.199951,10125.040039,22000
731996,4515.600098,4141.529785,3759.320068,10753.799805,10664.730469,1147.060059,28013,8340.599609,705.81,5874.600098,2493.27002,2469.02,1717.02,881.650024,3366.899902,10072.230469,20951
731997,4515,4073.350098,3733.280029,10720.69043,10619.030273,1144.109985,27807,8237.799805,700.1,5856.5,2476.860107,2465.39,1721.75,877.48999,3359.5,9888.730469,21337
732002,4507.600098,3995.340088,3702.629883,10658.730469,10601.620117,1143.670044,27806,8173.600098,693.77,5811.5,2476.399902,2392.88,1647.38,866.869995,3346.5,9926.669922,21609
732003,4515.899902,4007.810059,3714.48999,10815.290039,10580.139648,1144.910034,27881,8160.200195,697.44,5797.399902,2472.679932,2415.89,1654.9,864.859985,3358.100098,10003.570312,21450
732004,4492.200195,4018.159912,3725.439941,11041.919922,10583.919922,1144.939941,27957,8249.400391,698.18,5798.399902,2483.159912,2451.5,1675.07,883.419983,3372.5,9991.799805,21755
732008,4540.100098,4100.339844,3785.360107,11361.509766,10591.480469,1149.099976,28290,8354,713.93,5896.299805,2491.25,2447.16,1687.28,899.210022,3398.199951,10106.44043,22442
732009,4525.100098,4071.699951,3758.51001,11351.919922,10593.110352,1151.030029,28209,8280.400391,718.99,5872.200195,2481.830078,2437.29,1661.81,895.809998,3399,10053.179688,22550
732010,4559.100098,4133.779785,3776.939941,11401.790039,10588,1154.869995,28323,8337.900391,716.41,5934.399902,2507.050049,2470.43,1668.87,907.429993,3399.699951,10196.169922,22393
732011,4547.100098,4126.140137,3761.110107,11537.290039,10595.549805,1156.859985,28359,8346.099609,717.24,5895.799805,2513.199951,2489.38,1662.1,905.380005,3416.300049,10195.030273,22873
732014,4553.799805,4145.990234,3781.379883,11502.860352,10529.480469,1147.199951,28443,8369.700195,718.39,5884.5,2517.280029,2504.09,1637.14,900.099976,3425.5,10095.870117,22993
732015,4542,4087.550049,3737.030029,11532.040039,10456.959961,1140.579956,28341,8286.700195,706.98,5858.799805,2481.300049,2481.08,1637.1,891.580017,3427.199951,10079.200195,22674
732016,4545.299805,4044.699951,3758.090088,11433.240234,10296.889648,1123.890015,28350,8292.900391,705.83,5877.100098,2477.030029,2469.92,1678.07,876.02002,3414.300049,9978.709961,21670
732017,4445.200195,3904.949951,3646.429932,11297.040039,10128.379883,1106.780029,27695,8112.399902,683.16,5706.700195,2403.830078,2409.26,1691.64,869.929993,3411.899902,9725.830078,20763
732018,4467.399902,3915.379883,3661.780029,11162.75,10240.080078,1120.569946,27548,8032.600098,688.93,5700.5,2414.110107,2419.93,1694.74,848.799988,3402.100098,9837.330078,21776
732021,4412.899902,3810.76001,3573.840088,11317.900391,10102.889648,1104.48999,26881,7699.100098,680.19,5620.299805,2360.22998,2363.66,1736.22,852.26001,3410.300049,9791.349609,21234
732022,4428.899902,3822.370117,3588.040039,11242.290039,10184.669922,1110.699951,26952,7810.700195,683.41,5646.200195,2363.540039,2382.05,1745.54,850.130005,3410.100098,9877.290039,21613
732023,4456.799805,3896.790039,3656.040039,11436.860352,10300.299805,1123.75,27209,7948.100098,693.1,5692.200195,2403.629883,2396.92,1745.1,872.380005,3432.300049,9959.410156,21901
732024,4397.899902,3827.429932,3589.97998,11484.280273,10295.780273,1122.319946,26837,7820.399902,679.42,5609.5,2367.659912,2383.9,1717.26,872.820007,3424.600098,9952.009766,22370
732025,4417.700195,3819.149902,3613.280029,11418.509766,10186.599609,1109.780029,26858,7879.100098,681.76,5621.5,2358.870117,2365.4,1747.87,883.330017,3429.800049,10039.679688,22261
732028,4333.799805,3729.22998,3539.219971,11318.509766,10064.75,1095.400024,26470,7727.799805,662.73,5469,2315.080078,2276.32,1755.69,863.690002,3399.600098,9928.320312,21663
732029,4318.5,3728.820068,3539.909912,11281.089844,10063.639648,1093.949951,26472,7768.299805,670.17,5509.799805,2326.219971,2301.33,1741.69,866.169983,3388,10053.889648,21205
732030,4309.5,3726.070068,3518.449951,11364.990234,10048.230469,1091.329956,26479,7752.899902,666.61,5504,2321.550049,2295.32,1740.05,861.719971,3385.100098,10161.650391,20985
732031,4373.600098,3811.919922,3570.399902,11530.910156,10218.820312,1109.189941,26834,7914.799805,678.33,5592.299805,2346.820068,2295.32,1736.48,853.380005,3395.699951,10344.790039,21000
732032,4357.5,3822.330078,3592.389893,11770.650391,10212.969727,1108.060059,26869,7952.799805,679.57,5587,2362.300049,2332.21,1734.05,863.950012,3424.199951,10432,21541
732035,4406.700195,3881.25,3634.179932,11718.240234,10329.629883,1122.469971,27250,8021.100098,691.59,5644.200195,2370.27002,2376.95,1719.67,874.669983,3409.100098,10455.509766,21531
732036,4412.799805,3874.040039,3620.100098,11693.679688,10381.700195,1127,27181,8004.200195,688.1,5623.100098,2369.419922,2375.57,1724.28,873.460022,3416.899902,10468.75,22043
732037,4385.700195,3856.699951,3625.22998,11715.389648,10357.700195,1126.209961,27148,8018.100098,690.28,5618.600098,2380.350098,2370.65,1741.62,880.5,3416.399902,10517.5,22142
732038,4410.700195,3924.850098,3669.97998,11683.419922,10373.330078,1132.170044,27400,8097.899902,705.05,5716.799805,2412.699951,2359.64,1758.15,882.75,3443.899902,10611.870117,22647
732039,4465.600098,4007.600098,3739.909912,11815.950195,10470.589844,1141.810059,27877,8269.700195,713.11,5784.600098,2441.080078,2372.77,1768.65,883.690002,3437.399902,10713.540039,22949
732043,4472.799805,4022.810059,3746.110107,12079.700195,10570.80957,1148.160034,27997,8281.799805,717.59,5767.299805,2453.860107,2415.66,1777.52,906.190002,3456,10714.280273,23072
732044,4468.700195,4001.159912,3734.560059,12019.620117,10480.150391,1140.530029,27888,8294.799805,718.04,5771.100098,2455.370117,2419.61,1774.55,909.929993,3462.899902,10746.580078,22443
732050,4515.799805,4071.419922,3774.689941,12127.820312,10381.280273,1129.439941,28430,8444.299805,720.87,5804.5,2501.080078,2475.59,1715.14,917.630005,3443.800049,10686.589844,22620
732051,4485.399902,4012.77002,3731.429932,12098.179688,10377.950195,1128.170044,28232,8352,714.18,5761.299805,2476.070068,2440.64,1697.16,916.309998,3440.800049,10609.919922,22312
732053,4537.299805,4033.97998,3751.590088,11824.55957,10451.969727,1134.609985,28350,8387.900391,713.12,5769.899902,2496.610107,2467.14,1693.86,898.880005,3424.300049,10677.139648,21769
732056,4546.200195,4025.070068,3743.429932,11764.209961,10437.849609,1135.819946,28262,8340.400391,716.19,5787.799805,2485.540039,2448.91,1675.89,902.099976,3439.699951,10646.80957,21627
732057,4569,4061.129883,3773.429932,11952.259766,10314.5,1118.150024,28437,8375.200195,725.07,5829.200195,2496.98999,2466.35,1669.42,918.900024,3457.199951,10663.44043,21078
732059,4571.799805,4059.149902,3785.550049,11980.099609,10461.200195,1139.930054,28416,8293.599609,728.07,5789.600098,2500.780029,2516.57,1657.79,924.01001,3441.899902,10645.150391,21142
732060,4570,4103.620117,3811.429932,12120.660156,10472.839844,1140.599976,28489,8331.700195,720,5818.100098,2511.060059,2522.25,1635.5,936.059998,3461.5,10721.620117,21590
732063,4571.899902,4125.830078,3785.550049,12163.889648,10444.730469,1135.530029,28550,8362.900391,716.11,5881.200195,2501.370117,2530.23,1635.5,919.73999,3455.399902,10648.769531,21324
732064,4575.700195,4134.100098,3782.090088,12044.879883,10478.160156,1138.109985,28542,8359,714.29,5869.299805,2490.98999,2523,1611.86,915.469971,3452.300049,10606.629883,21317
732065,4524.5,4065.73999,3722.590088,12004.290039,10342.599609,1122.410034,28294,8232.700195,698.32,5792.899902,2463.419922,2553.76,1606.8,901.830017,3450.399902,10240.910156,20474
732067,4489.700195,3985.209961,3674.280029,11761.790039,10225.570312,1107.300049,28020,8109.5,685.59,5774.399902,2439.610107,2517.62,1595.59,862.840027,3407.699951,9948.129883,19607
732073,4516.200195,3909.459961,3655.139893,11571.339844,10241.259766,1113.98999,27734,8119.299805,677.48,5832.399902,2421.649902,2492.9,1595.59,837.679993,3406.5,9852.410156,19190
732074,4498.399902,3895.639893,3653.179932,11438.820312,10117.339844,1098.699951,27687,8027,676.35,5827.700195,2406.399902,2486.43,1595.59,838.73999,3401.199951,9790.990234,18620
732077,4395.200195,3784.610107,3553.350098,10884.700195,9990.019531,1087.119995,27069,7815.100098,652.21,5641.799805,2337.919922,2421.08,1560.21,790.679993,3361.899902,9440.570312,17604
732078,4454.700195,3849.840088,3606.409912,10907.179688,10019.469727,1095.449951,27405,7909,664.86,5723.100098,2371.689941,2450.01,1568.06,791.02002,3362.899902,9648.099609,18537
732079,4412.899902,3776.23999,3564.340088,11153.580078,10045.160156,1097.280029,27111,7829,651.6,5644.899902,2362,2473.84,1603.77,817.090027,3383.899902,9690.669922,18326
732080,4453.799805,3824.929932,3614.23999,10825.099609,10010.740234,1096.439941,27395,7866.399902,668.39,5714.600098,2386.149902,2500.58,1597.57,790.130005,3376.199951,9784.089844,18402
732081,4441.799805,3803.100098,3603.26001,10849.629883,10012.870117,1095.699951,27289,7779.700195,663.75,5685,2391.090088,2467.03,1562.69,768.460022,3366.800049,9786.320312,18611
732084,4403,3754.370117,3553.02002,10505.049805,9906.910156,1084.099976,26959,7671.899902,653.85,5607.899902,2360.120117,2431.63,1539.96,728.97998,3349.399902,9605.620117,18122
732085,4414.399902,3789.23999,3569.139893,10711.089844,9968.509766,1091.48999,27080,7724.899902,658.86,5638.399902,2381.600098,2435.33,1555.44,741.98999,3372.5,9730.160156,18556
732086,4471.799805,3872.26001,3643.320068,10967.740234,9937.709961,1088.680054,27526,7900,670.88,5710,2413.219971,2417.59,1558.29,777.950012,3389.800049,9767.629883,18688
732088,4431.399902,3831.840088,3607.02002,11070.25,9966.740234,1093.560059,27373,7806.5,667.02,5645.100098,2419.540039,2341.96,1558.33,786.359985,3394.199951,9822.389648,18285
732091,4428.899902,3867.840088,3628.820068,11101.639648,9958.429688,1095.410034,27101,7883.899902,670.12,5681.799805,2434.610107,2346.57,1550.35,799.640015,3398.399902,9891.490234,18669
732092,4418,3828.070068,3610.530029,10962.929688,10117.620117,1113.050049,26989,7841.5,663.77,5646.899902,2404.530029,2328.85,1518.05,784.059998,3393.699951,9991.200195,18860
732094,4453.600098,3913.330078,3679.370117,11166.030273,10205.200195,1121.280029,27378,7965.399902,671.79,5705.799805,2441.75,2382.96,1557.18,802.460022,3441.199951,10153.610352,19734
732095,4430.700195,3902.719971,3652.030029,11309.570312,10188.450195,1120.680054,27344,7951.600098,673.95,5627.100098,2412.310059,2423.72,1548.72,816.51001,3447.300049,10028.419922,19667
732099,4422.700195,3864.179932,3624.469971,11296.759766,10202.650391,1121.199951,27231,7848.399902,666.06,5589.5,2399.879883,2402.38,1579.66,815.77002,3454.600098,10043.320312,19546
732100,4422.799805,3888.310059,3646.22998,11242.339844,10262.969727,1124.98999,27329,7908.700195,672.03,5631.700195,2414.699951,2401.59,1567.07,804.390015,3473.100098,9981.889648,19717
732101,4435.399902,3917.080078,3654.370117,11027.049805,10195.910156,1116.640015,27315,7901.899902,676,5660.5,2442.110107,2415.9,1543.53,770.059998,3465.600098,9907.589844,19400
732102,4454.5,3961.929932,3698.870117,11128.049805,10242.820312,1122.5,27532,8010.700195,685.49,5688.399902,2461.27002,2442.41,1542.09,780.73999,3466.600098,10057.589844,19819
732105,4491.600098,4017.810059,3722.22998,11439.919922,10391.080078,1140.420044,27781,8109,693.17,5744.200195,2474.669922,2423.09,1517.15,809.450012,3482.300049,10368.620117,20447
732106,4504.799805,4018.949951,3723.459961,11521.929688,10432.519531,1142.180054,27841,8103.700195,691.3,5733.5,2475.100098,2411.63,1493.81,809.309998,3482.399902,10336.120117,20284
732107,4489.5,3997.76001,3699.290039,11449.740234,10368.44043,1131.329956,27783,8075.200195,687.24,5715.200195,2470.120117,2406.52,1468.07,794.530029,3466.600098,10219.030273,19865
732113,4458.600098,3987.300049,3683.429932,11387.700195,10380.429688,1132.01001,28053,8028.600098,682.92,5671.700195,2446.5,2402.88,1463.78,752.099976,3467.600098,10220.69043,20047
732114,4491.100098,4003.23999,3714.5,11641.719727,10379.580078,1133.560059,28162,8069.299805,686.46,5710,2450.77002,2406.47,1475.42,752.340027,3484.600098,10151.599609,20460
732115,4493.299805,3985.459961,3718.080078,11607.900391,10377.519531,1132.050049,28242,8102.899902,683.71,5706.200195,2458.540039,2376.08,1445.5,760.090027,3506.800049,10175.330078,20335
732116,4505.799805,3999.790039,3740.899902,11382.080078,10416.410156,1135.02002,28297,8109.200195,681.37,5693.899902,2471.820068,2360.34,1427.3,741.72998,3523.300049,10224.389648,20333
732119,4502.200195,3989.310059,3740.280029,11600.160156,10371.469727,1130.300049,28054,8129.299805,680.69,5716.5,2464.840088,2337.65,1433.47,749.299988,3547.399902,10187.919922,20293
732120,4468.5,3928.389893,3700.320068,11581.269531,10395.070312,1134.410034,27892,8056.5,677.92,5658.399902,2454.600098,2343.55,1450.68,746.47998,3533.899902,10140.25,20199
732121,4486.700195,3945.100098,3720.139893,11580.55957,10479.570312,1144.060059,27996,8107.200195,690.46,5653.899902,2450.939941,2339.41,1440.73,738.929993,3545.300049,10137.879883,20836
732122,4503.200195,4007.050049,3755.75,11744.150391,10443.80957,1140.650024,28149,8162.600098,697.54,5674.5,2458.840088,2339.47,1427.75,763.130005,3524.800049,10182.540039,20708
732123,4494.100098,4013.350098,3742.379883,11780.400391,10371.839844,1134.430054,28194,8120.5,697.54,5681.5,2452.070068,2313.5,1401.11,779.030029,3523,10128.790039,20750
732126,4518.700195,4069.350098,3771.580078,11884.05957,10357.089844,1133.349976,28310,8184.399902,699.27,5706.299805,2460.679932,2342.72,1385.18,770.950012,3518.5,10137.030273,20351
732127,4512.399902,4069.72998,3756.47998,11860.80957,10413.429688,1136.199951,28234,8131.200195,697.86,5688.299805,2464.209961,2339.17,1408.69,778.719971,3517.5,10137.419922,20801
732128,4464.100098,4052.72998,3732.98999,11858.870117,10435.480469,1140.839966,28092,8078.299805,698.13,5619.100098,2470.659912,2349.16,1399.16,785.789978,3530.300049,10281.820312,21149
732129,4424.700195,4035.02002,3716.199951,11896.009766,10334.160156,1128.939941,27940,8085.299805,697.97,5625.700195,2469.090088,2337.03,1441.07,778.030029,3534,10260.959961,21349
732130,4407.399902,3998.77002,3685.060059,11721.490234,10282.830078,1125.380005,27909,8034.600098,695.82,5606.799805,2459.340088,2333.33,1441.19,755.419983,3531.5,10240.839844,21568
732134,4370.700195,3944.879883,3660.679932,11475.269531,10219.339844,1116.209961,27795,8022.799805,685.4,5549.899902,2435.189941,2338.22,1450.5,758.469971,3551.5,10121.120117,21188
732135,4358.399902,3930.580078,3660.399902,11384.860352,10240.290039,1118.329956,27751,8063.799805,684.29,5541.399902,2451.76001,2335.74,1438.4,761.880005,3559.899902,10042.019531,21171
732136,4381.100098,3934.47998,3670.409912,11322.230469,10171.55957,1109.109985,27844,8085,685.3,5578.700195,2443.889893,2326.07,1439.78,743.640015,3562.800049,9975.120117,20887
732140,4360,3893.23999,3651.629883,11582.280273,10238.219727,1114.349976,27728,8053.600098,669,5532.700195,2447.27002,2332.15,1397.15,746.27002,3554,10090.419922,21532
732141,4357.700195,3903.879883,3656.179932,11608.620117,10247.589844,1115.140015,27772,8076.5,676.03,5531.299805,2469.110107,2333.95,1399.46,750.950012,3554.899902,10033.900391,21677
732142,4372.600098,3898.840088,3648.75,11356.650391,10208.799805,1111.469971,27645,8029.600098,680.47,5548.299805,2465.139893,2332.02,1403.76,736.570007,3524.100098,9843.019531,21673
732143,4340.700195,3847.189941,3610.550049,11409.139648,10163.160156,1106.689941,27434,7983.100098,669.12,5477.899902,2451.439941,2334.56,1421.54,732.73999,3527.699951,9875.570312,22065
732144,4339.200195,3845.929932,3610.399902,11436,10139.780273,1101.390015,27436,8010.899902,673.44,5461.200195,2453.73999,2358.05,1456.13,739.390015,3533.5,9923.919922,22447
732148,4339.399902,3837.600098,3607.389893,11258.370117,10149.070312,1108.670044,27381,7990,668.7,5498.200195,2444.850098,2352.63,1447.94,737,3507.100098,10025.129883,22361
732149,4377.299805,3877.47998,3637.469971,11433.860352,10046.129883,1093.880005,27499,8031.399902,683.09,5561.700195,2461.090088,2348.86,1448.04,753.320007,3528.100098,9987.05957,21810
732150,4306.299805,3801.050049,3572.840088,11285.040039,10050.330078,1096.839966,27136,7925.200195,668.23,5476.899902,2422.850098,2316.54,1407.44,742.630005,3505.5,9987.330078,21730
732151,4326.299805,3797.330078,3567.290039,11187.330078,9962.219727,1086.199951,27128,7848.799805,668.45,5482,2415.52002,2322.39,1407.4,737.51001,3495.699951,9907.669922,21591
732154,4287,3752.590088,3532.610107,11159.549805,9961.919922,1084.069946,26886,7740.899902,661.76,5444,2406.22998,2311.53,1387.67,736.210022,3495.600098,9921.400391,21318
732155,4324.899902,3814.080078,3565.100098,11031.540039,10085.139648,1094.829956,27078,7842.299805,671.95,5501.899902,2438.02002,2353.25,1384.13,738.51001,3500.100098,10119.959961,21737
732156,4356.299805,3807.209961,3575.919922,11204.370117,10117.070312,1095.420044,27061,7809.100098,674.36,5514.700195,2440.100098,2356.92,1388.81,744.419983,3510.300049,10090.55957,22168
732157,4418.700195,3889.679932,3643.790039,11116.839844,10129.240234,1100.430054,27397,7872.799805,680.14,5553.399902,2478.110107,2351.67,1407.33,730.609985,3512.600098,10060.290039,22228
732158,4413.100098,3895.610107,3647.100098,11325.780273,10139.709961,1101.719971,27538,7919.299805,683.3,5547.200195,2465.129883,2319.3,1386.2,735.340027,3546.100098,10116.389648,22337
732161,4415.700195,3862.709961,3623.790039,11222.240234,10179.160156,1106.619995,27429,7869,678.8,5537.799805,2470.75,2309.24,1373.22,719.590027,3554.5,10173.900391,22448
732162,4429.700195,3877.320068,3650.800049,11140.570312,10120.240234,1099.689941,27507,7894.200195,679.19,5588.600098,2495.560059,2330.3,1366.26,726.440002,3565.300049,10205.610352,22373
732163,4408.100098,3823.73999,3607.580078,11010.019531,10126.509766,1098.630005,27250,7812.299805,674.23,5518.899902,2486.399902,2296.65,1404.51,729.409973,3555.5,10075.799805,22178
732164,4413.399902,3829.030029,3622.97998,11060.889648,9963.030273,1080.699951,27126,7836.5,679.04,5515.200195,2511.379883,2297.66,1389.04,743.349976,3546.199951,10066.900391,21330
732165,4337.899902,3727.73999,3528.639893,10972.570312,9815.330078,1063.969971,26652,7681,663.15,5403.100098,2480.52002,2290.9,1390.46,733.950012,3538.899902,9866.129883,21653
732168,4314.399902,3690.330078,3497.300049,10908.700195,9814.660156,1065.219971,26419,7633.600098,656.91,5358.600098,2452.159912,2297.21,1395.85,742.130005,3519.5,9814.05957,21261
732169,4350.899902,3720.639893,3533.060059,10953.549805,9944.669922,1079.040039,26581,7654.700195,664.67,5383,2475.27002,2281.13,1400.77,748.619995,3509.199951,9910.839844,21737
732170,4312.200195,3678.909912,3502.949951,11049.459961,9938.320312,1075.790039,26310,7607.700195,653.37,5369.299805,2461.889893,2274.48,1384.96,753.059998,3520.100098,9849.929688,21570
732171,4328.100098,3658.110107,3494.22998,11028.070312,9814.589844,1063.22998,26249,7624.200195,650.7,5356,2467.929932,2255.34,1368.2,766.700012,3495.699951,9812.660156,21570
732172,4301.5,3646.98999,3484.840088,10757.200195,9825.349609,1064.800049,26198,7578.299805,649.36,5309.799805,2453.52002,2255.34,1368.45,776.02002,3489.100098,9790.620117,21401
732176,4358.700195,3705.72998,3533.129883,10725.969727,9972.830078,1081.709961,26447,7670.700195,658.63,5378.399902,2479.169922,2273.9,1360.2,771.030029,3495.399902,9997.030273,22061
732177,4355.299805,3726.5,3541.47998,10774.259766,10083.150391,1095.170044,26482,7709.100098,665.41,5325.200195,2477.169922,2255.69,1358.22,773.190002,3488.600098,10080.549805,22779
732178,4362.600098,3722.98999,3544.419922,10903.530273,10040.820312,1091.22998,26508,7734.5,666.56,5351.899902,2491.189941,2257.54,1340.45,788.530029,3498.300049,10099.610352,22935
732179,4369.200195,3712.610107,3538.02002,10889.139648,10110.139648,1098.349976,26421,7707.100098,664.52,5344.200195,2490.560059,2227.33,1341.74,787.640015,3507.800049,10143.429688,23196
732182,4405.299805,3772.139893,3589.689941,10960.969727,10073.049805,1095.680054,26718,7788.899902,679.23,5394.299805,2512.73999,2243.01,1325.41,787.650024,3535.100098,10169.19043,22852
732183,4407.5,3771,3594.379883,10985.330078,10098.629883,1096.189941,26730,7792.700195,676.86,5380.200195,2510.600098,2257.88,1344.63,792.340027,3539.699951,10222.679688,22870
732184,4411.600098,3788.879883,3595.26001,11130.019531,10181.740234,1104.959961,26805,7784.100098,683.26,5374.799805,2530.030029,2282.26,1339.78,803.969971,3530.399902,10237.889648,23058
732185,4453.899902,3832.280029,3629.840088,11129.330078,10173.410156,1105.089966,26923,7838.200195,689.02,5432.399902,2550.629883,2304.25,1334.42,810.210022,3537.899902,10198.379883,22582
732186,4490.100098,3851.179932,3649.23999,11209.589844,10195.009766,1107.77002,27084,7882.299805,690.92,5463.899902,2562.47998,2321.19,1320.61,810.299988,3568.699951,10225.05957,22597
732189,4490.100098,3838.850098,3636.709961,11184.530273,10122.519531,1099.150024,27009,7881.700195,689.2,5448.799805,2562.560059,2308.55,1319.41,805.190002,3562.399902,10199.540039,22869
732190,4459.299805,3785.209961,3594.280029,11081.790039,10173.919922,1104.23999,26913,7869.5,685.03,5421.700195,2558.080078,2314.26,1342.06,803.570007,3561.899902,10264.320312,22803
732191,4502.100098,3817.620117,3613.22998,11127.349609,10168.459961,1105.910034,27171,7938.899902,693.43,5468,2584.530029,2328.2,1321.46,817.359985,3581.600098,10329.75,22513
732192,4518.600098,3833.449951,3633.379883,11152.75,10290.280273,1118.310059,27377,7983.899902,694.28,5449.799805,2592.889893,2342.52,1327.93,823.830017,3594.699951,10422.629883,22688
732193,4550.799805,3866.98999,3665.939941,11022.490234,10260.200195,1113.630005,27666,8061.100098,696.67,5502.5,2621.27002,2334.71,1327.12,820.690002,3584.399902,10335.009766,22415
732198,4558.399902,3884.159912,3677.550049,11279.19043,10313.360352,1116.27002,27610,8096.399902,693.66,5556.5,2631.699951,2308.47,1309.33,815.849976,3595.899902,10537.959961,22534
732199,4538,3851.219971,3652.02002,11170.959961,10289.099609,1118.380005,27466,8039.100098,687.44,5522.299805,2624.370117,2312.9,1284.31,821.880005,3598.399902,10553.410156,22286
732200,4545,3886.030029,3677.610107,11083.230469,10313.070312,1123.920044,27590,8055.899902,691.91,5536.799805,2628.399902,2328.71,1287.08,836.340027,3602.5,10661.530273,21968
732203,4558.5,3953.310059,3725.399902,11253.110352,10314.759766,1125.819946,27835,8120.100098,702.62,5573.299805,2635.699951,2326.93,1260.32,851.909973,3615.5,10620.379883,21809
732204,4545.600098,3947.75,3708.030029,11295.580078,10318.160156,1128.329956,27767,8091.799805,699.57,5538.5,2639.560059,2327.37,1300.36,851.419983,3630.199951,10701.049805,22309
732205,4548.5,3941.75,3691.850098,11158.580078,10231.360352,1120.369995,27717,8060.700195,700.91,5536.600098,2656.169922,2343.8,1355.23,850.630005,3636.5,10660.910156,22344
732207,4591,3988.070068,3726.219971,11082.490234,10284.459961,1128.550049,27934,8085.299805,701.86,5543.100098,2670.830078,2344.36,1414.7,848.109985,3643.899902,10790.530273,23074
732211,4608.399902,3991.02002,3731.139893,11080.870117,10244.929688,1129.300049,28093,8071.100098,700.98,5602.700195,2678.25,2366.41,1448.56,857.150024,3642.699951,10850.360352,23106
732212,4592.299805,3942.350098,3692.110107,11019.410156,10109.179688,1113.560059,27984,8021.700195,702.1,5572.600098,2665.590088,2362.18,1420.15,835.099976,3652.600098,10777.230469,22749
732214,4578.100098,3910.300049,3673.51001,10895.160156,10047.240234,1110.109985,27983,7986.100098,697.69,5491.299805,2657.090088,2354.66,1435.56,832.099976,3635.600098,10856.44043,22972
732220,4570.799805,3892.899902,3640.610107,10823.570312,10080.269531,1114.579956,27794,8029.200195,705.76,5465.299805,2693.209961,2328.24,1396.7,835.090027,3674.699951,10957.370117,23245
732221,4659.700195,3994.959961,3730.159912,10985.169922,10192.650391,1131.5,28324,8220.599609,717.1,5528.899902,2725.120117,2352.66,1396.7,846.01001,3669,11078.259766,23777
732224,4681.799805,4033.280029,3767.060059,11279.629883,10216.540039,1135.170044,28515,8304.900391,726.79,5600.899902,2760.030029,2383.49,1396.7,880.840027,3703.100098,11181.629883,24150
732225,4707.100098,4048.709961,3770.23999,11281.830078,10177.679688,1134.47998,28621,8305.299805,726.7,5596.899902,2765.830078,2385.56,1396.7,884.840027,3705,11117.339844,24205
732226,4706.299805,4049.659912,3764.590088,11385.379883,10239.919922,1142.050049,28579,8323.599609,723.1,5593.899902,2775.199951,2376.31,1396.7,887.450012,3709,11090.919922,24027
732227,4698.700195,4043.360107,3758.699951,11354.589844,10125.400391,1130.650024,28659,8332.700195,723.5,5534.700195,2771.840088,2406.75,1396.7,885.330017,3710.5,11097.959961,24104
732228,4698.899902,4015.540039,3737.870117,11349.349609,10055.200195,1122.140015,28588,8323.200195,721.73,5503.700195,2759.620117,2408.68,1422.93,881.380005,3696,10920.969727,23927
732233,4634.799805,3976.030029,3694.320068,11195.990234,10002.330078,1113.650024,28457,8296.400391,724.19,5462.799805,2752.51001,2401.04,1386.72,856.179993,3734,10942.360352,23289
732234,4629.399902,3940.459961,3664.949951,11034.290039,9894.450195,1103.290039,28366,8255.5,717.78,5402.600098,2747.629883,2411.73,1332.94,846.630005,3719.899902,10876,22959
732235,4622.700195,3922.110107,3670.76001,10982.950195,9933.379883,1108.199951,28338,8261.099609,713.8,5362.399902,2743.560059,2422.17,1330.52,841.940002,3730.399902,10991.429688,23368
732238,4626.600098,3915.169922,3659.810059,10965.620117,9956.320312,1114.02002,28281,8267,713.09,5365.399902,2752.820068,2409.51,1335.39,848.27002,3721.199951,11055.759766,23411
732239,4655.200195,3964.129883,3700.560059,11064.860352,9897.620117,1103.22998,28487,8347.700195,723.85,5417.5,2768.280029,2419.32,1337.62,855.77002,3728,11023.790039,22893
732240,4616.399902,3912.399902,3665.679932,10882.179688,9886.929688,1103.660034,28320,8288.599609,713.77,5376.299805,2755.790039,2425.02,1330.58,828.609985,3710.899902,11076.849609,22873
732241,4617.399902,3934.060059,3687.530029,10789.230469,9865.759766,1106.48999,28460,8345.599609,710.9,5400.899902,2764.120117,2463.33,1310.55,820.630005,3715.699951,11166.889648,23059
732242,4615.399902,3935.139893,3687.169922,10857.129883,9757.80957,1095.73999,28520,8372.400391,702.79,5391.100098,2765.870117,2466.89,1329.35,828.169983,3720.699951,11226.080078,22735
732245,4564.600098,3854.409912,3609.060059,10659.150391,9749.990234,1094.800049,28193,8230.200195,686.33,5309.700195,2730.580078,2434.92,1311.15,808.140015,3694.399902,11178.009766,22603
732246,4583.399902,3862.26001,3619.47998,10672.459961,9888.480469,1111.089966,28233,8232.5,690.12,5330,2732.290039,2463.08,1324.78,813.700012,3718.199951,11341.580078,22849
732247,4630.100098,3929.030029,3678.389893,10691.950195,10002.030273,1125.400024,28562,8338.400391,701.36,5374.899902,2758.919922,2463.25,1342.8,809.909973,3753.699951,11517.709961,23171
732248,4642.799805,3959.590088,3721.820068,10853.120117,10004.540039,1127.439941,28754,8435.400391,705.07,5414.200195,2785.850098,2463.25,1341.74,833.539978,3784,11442.450195,22929
732249,4624.200195,3960.25,3706.820068,10771.419922,10027.469727,1130.199951,28681,8418.299805,702.55,5363.399902,2785.449951,2489.19,1320.54,834.840027,3786.300049,11564.349609,23052
732255,4728.299805,4041.379883,3762.449951,10946.269531,10314.759766,1161.670044,29214,8533.799805,722.28,5549.899902,2827.600098,2581.48,1304.78,851.200012,3849.800049,11864.419922,23880
732256,4739.799805,4063.580078,3780.98999,11061.769531,10387.540039,1166.170044,29330,8570.599609,726.54,5618.299805,2838.98999,2635.81,1305.13,860.679993,3854.5,11793.870117,23542
732259,4716.600098,4068.969971,3776.98999,10983.830078,10391.30957,1164.890015,29442,8578.099609,728.4,5602.5,2829.919922,2602.02,1304.23,846.109985,3832.899902,11760,23212
732260,4717.700195,4065.330078,3769.939941,10964.870117,10386.370117,1164.079956,29377,8549.599609,727.83,5573.200195,2833.699951,2577.82,1307.43,844.150024,3846.5,11786.910156,23216
732261,4734.5,4089.129883,3784.909912,10994.959961,10385.480469,1162.910034,29393,8527.900391,730.27,5609.600098,2849.76001,2597.42,1354.39,860.539978,3857.699951,11794.019531,23455
732262,4776.899902,4130.810059,3833.790039,10846.919922,10469.839844,1173.47998,29690,8558.5,735.98,5649.700195,2870.679932,2619.69,1347.07,861.26001,3873.600098,11971.950195,23521
732263,4793.899902,4143.350098,3835.110107,11019.980469,10539.009766,1184.170044,29724,8550,742.41,5689.200195,2862.310059,2610.99,1352.22,876.669983,3872.600098,11957.320312,24035
732267,4770.399902,4117.220215,3794.27002,11161.75,10487.650391,1175.430054,29418,8458.200195,739.63,5653.600098,2830.5,2611.47,1370.39,876.609985,3879.899902,11951.160156,23772
732268,4795.899902,4183.410156,3844.139893,11131.290039,10549.570312,1181.939941,29831,8624,748.98,5681.5,2841.070068,2644.43,1356.14,885.419983,3889.899902,12020.379883,24170
732269,4805.299805,4178.680176,3830.389893,11082.419922,10572.549805,1183.550049,29862,8636.299805,748.44,5673.799805,2840.98999,2632.01,1367.83,875.840027,3893.399902,12038.94043,24143
732270,4760.799805,4134.890137,3798.780029,11082.839844,10456.910156,1170.339966,29718,8625.900391,740.17,5605,2862.399902,2623.13,1379.96,867.030029,3887.300049,11839.209961,24034
732273,4733.100098,4123.97998,3774.25,10849.389648,10489.419922,1177.23999,29631,8603.400391,735.01,5562.200195,2861.530029,2599.58,1383.02,849.98999,3846.800049,11879.820312,24445
732275,4719.399902,4125.299805,3760.699951,10872.330078,10520.30957,1181.76001,29673,8668,738.17,5501.200195,2872.25,2574.5,1359.12,872.559998,3894.699951,11907.320312,24368
732277,4741.600098,4154.27002,3782.199951,10833.75,10522.230469,1182.650024,29771,8739.200195,743.52,5548.5,2881.379883,2647.06,1356.73,858.119995,3922.899902,12076.080078,24998
732280,4749.799805,4146.97998,3780.610107,10977.889648,10475.900391,1178.569946,29680,8715.5,745.81,5519.5,2866.860107,2672.27,1337.43,865.400024,3938.100098,12196.389648,24855
732281,4703.200195,4126,3753.75,10899.25,10428.019531,1173.819946,29615,8693,743.34,5444.200195,2850.949951,2654.81,1340.77,878.059998,3942.800049,12102.549805,25128
732282,4735.700195,4186.029785,3796.709961,10784.25,10590.219727,1191.369995,29917,8773.900391,750.13,5509.299805,2885.97998,2655.95,1334.94,876.799988,3914.300049,12233.910156,25235
732283,4751.200195,4216.399902,3811.449951,10973.070312,10585.120117,1190.329956,29969,8811.400391,753.74,5569.299805,2905.449951,2683.25,1333.09,884.099976,3955.100098,12116.129883,25200
732284,4747.899902,4208.870117,3783.51001,11074.889648,10592.209961,1191.170044,29908,8787.900391,744.4,5555.200195,2895.060059,2670.17,1337.2,882.549988,3951.399902,12109.469727,25468
732288,4728.700195,4212.620117,3787.449951,10873.629883,10440.580078,1177.069946,30173,8818.400391,746.05,5561.100098,2911.199951,2688.66,1323.75,861.070007,3939.699951,12118.30957,24989
732290,4688.399902,4150.410156,3747.459961,10776.629883,10552.820312,1189.23999,30071,8775.599609,731.91,5557.799805,2897.949951,2692.93,1338.81,861.309998,3898.899902,12124.820312,24526
732291,4694,4174.549805,3768.419922,10756.799805,10543.219727,1188,30253,8827.200195,736.89,5581.799805,2901,2682.58,1317.72,844.849976,3911.399902,12260.860352,24933
732294,4736.799805,4219.240234,3805.939941,10789.25,10638.320312,1198.680054,30343,8887.900391,738.26,5624.899902,2921.97998,2699.46,1309.69,844.200012,3919.5,12290.160156,25225
732295,4722.799805,4231.299805,3814.389893,10915.580078,10676.450195,1203.380005,30408,8893.799805,739.11,5653,2926.389893,2681.85,1307.55,849.400024,3936.800049,12430.860352,25563
732296,4728.200195,4213.689941,3802.98999,10956.459961,10691.450195,1205.719971,30356,8871.200195,737.25,5640.299805,2927.360107,2697.47,1313.05,868.840027,3953,12493.849609,25576
732297,4735.200195,4233.709961,3810.669922,10924.370117,10705.639648,1203.209961,30399,8898.799805,739.94,5650.5,2933.600098,2720.86,1305.02,873.700012,3982.300049,12505.450195,25831
732298,4696.799805,4182.27002,3744.919922,11078.320312,10649.919922,1194.199951,30273,8866,728.94,5603.399902,2915.310059,2704.99,1290.49,875.130005,3995.300049,12519.790039,25659
732301,4731.100098,4211.549805,3764.040039,11103.419922,10661.599609,1194.650024,30468,8894.5,735.05,5650.700195,2922.300049,2731.27,1275.46,884.309998,3998.399902,12514.070312,25537
732302,4733,4214.390137,3770.030029,11125.919922,10759.429688,1205.449951,30548,8941.799805,737.69,5640.799805,2931.47998,2708.33,1275.17,882.820007,4018.300049,12651.730469,25890
732303,4777.399902,4241.279785,3806.149902,11209.44043,10815.889648,1209.569946,30771,9025,743.3,5687.700195,2950.100098,2715.92,1307.57,883.380005,4037.399902,12712.200195,25723
732308,4798.100098,4235.359863,3817.689941,11362.349609,10776.129883,1204.920044,30824,9050.700195,741.89,5685.5,2943.77002,2766.15,1280.27,876.97998,4049.300049,12819.610352,25937
732309,4798.100098,4261.790039,3824.830078,11424.129883,10854.540039,1213.540039,30904,9077.099609,739.84,5686.5,2938.300049,2770.79,1278.94,878.429993,4049.300049,12912.69043,26117
732310,4819.799805,4247.75,3827.159912,11381.55957,10829.19043,1213.449951,30888,9100.700195,740.79,5692.399902,2933.340088,2788.45,1274.31,884.27002,4044,13031.570312,26161
732311,4820.100098,4256.080078,3827.949951,11488.759766,10800.299805,1213.550049,30903,9080.799805,741.88,5693.200195,2933.719971,2784.42,1273.71,895.919983,4057,12968.740234,26196
